
 displacements (vx,vy,vz) for set NSET_ALL and time  0.1000000E+01

         1  0.000000E+00  0.000000E+00  0.000000E+00
         2  0.000000E+00 -4.117015E-01 -9.394032E-01
         3 -4.830538E-01 -4.520733E-01 -2.163857E+00
         4 -4.658970E-01  0.000000E+00 -1.491335E+00
         5  0.000000E+00 -2.116250E-02  9.724346E-04
         6  0.000000E+00 -4.209152E-02  3.782817E-03
         7  0.000000E+00 -6.263725E-02  6.079181E-03
         8  0.000000E+00 -8.286338E-02  5.208787E-03
         9  0.000000E+00 -1.028905E-01 -1.065830E-03
        10  0.000000E+00 -1.228776E-01 -1.440614E-02
        11  0.000000E+00 -1.429431E-01 -3.611087E-02
        12  0.000000E+00 -1.632358E-01 -6.720053E-02
        13  0.000000E+00 -1.839017E-01 -1.084756E-01
        14  0.000000E+00 -2.051009E-01 -1.605490E-01
        15  0.000000E+00 -2.269971E-01 -2.238274E-01
        16  0.000000E+00 -2.497664E-01 -2.984504E-01
        17  0.000000E+00 -2.735256E-01 -3.842768E-01
        18  0.000000E+00 -2.984224E-01 -4.809379E-01
        19  0.000000E+00 -3.243267E-01 -5.881124E-01
        20  0.000000E+00 -3.516212E-01 -7.061644E-01
        21  0.000000E+00 -3.816639E-01 -8.258365E-01
        22  0.000000E+00 -1.057955E-02  5.174474E-04
        23  0.000000E+00 -3.168425E-02  2.738370E-03
        24  0.000000E+00 -5.242532E-02  5.633076E-03
        25  0.000000E+00 -7.276507E-02  6.651188E-03
        26  0.000000E+00 -9.288733E-02  3.298330E-03
        27  0.000000E+00 -1.128724E-01 -6.334706E-03
        28  0.000000E+00 -1.328814E-01 -2.373013E-02
        29  0.000000E+00 -1.530417E-01 -5.003180E-02
        30  0.000000E+00 -1.735017E-01 -8.614658E-02
        31  0.000000E+00 -1.944139E-01 -1.327802E-01
        32  0.000000E+00 -2.159414E-01 -1.904467E-01
        33  0.000000E+00 -2.382511E-01 -2.594303E-01
        34  0.000000E+00 -2.615196E-01 -3.397180E-01
        35  0.000000E+00 -2.858211E-01 -4.310104E-01
        36  0.000000E+00 -3.113622E-01 -5.329450E-01
        37  0.000000E+00 -3.370339E-01 -6.456871E-01
        38  0.000000E+00 -3.670462E-01 -7.671215E-01
        39  0.000000E+00 -3.936211E-01 -8.838381E-01
        40 -2.421878E-02 -4.121504E-01 -9.448341E-01
        41 -4.879445E-02 -4.133599E-01 -9.607607E-01
        42 -7.397994E-02 -4.150054E-01 -9.863369E-01
        43 -9.973544E-02 -4.167041E-01 -1.020523E+00
        44 -1.258724E-01 -4.181979E-01 -1.062450E+00
        45 -1.522114E-01 -4.194574E-01 -1.111642E+00
        46 -1.786358E-01 -4.205786E-01 -1.167876E+00
        47 -2.050817E-01 -4.217344E-01 -1.231115E+00
        48 -2.315672E-01 -4.231713E-01 -1.301370E+00
        49 -2.582535E-01 -4.250940E-01 -1.378466E+00
        50 -2.853141E-01 -4.275335E-01 -1.461892E+00
        51 -3.128588E-01 -4.303292E-01 -1.550845E+00
        52 -3.407763E-01 -4.332948E-01 -1.644461E+00
        53 -3.688635E-01 -4.364362E-01 -1.742152E+00
        54 -3.970052E-01 -4.399776E-01 -1.843553E+00
        55 -4.254524E-01 -4.438206E-01 -1.948178E+00
        56 -4.538846E-01 -4.487107E-01 -2.055252E+00
        57 -1.211510E-02 -4.012123E-01 -9.422817E-01
        58 -3.643866E-02 -4.021446E-01 -9.529840E-01
        59 -6.132510E-02 -4.038111E-01 -9.738321E-01
        60 -8.685601E-02 -4.055572E-01 -1.003744E+00
        61 -1.128005E-01 -4.071197E-01 -1.041828E+00
        62 -1.390689E-01 -4.084863E-01 -1.087403E+00
        63 -1.654712E-01 -4.096478E-01 -1.140107E+00
        64 -1.919068E-01 -4.107598E-01 -1.199832E+00
        65 -2.183676E-01 -4.120493E-01 -1.266579E+00
        66 -2.449413E-01 -4.137195E-01 -1.340267E+00
        67 -2.718027E-01 -4.158862E-01 -1.420556E+00
        68 -2.991042E-01 -4.184896E-01 -1.506774E+00
        69 -3.268204E-01 -4.214064E-01 -1.598102E+00
        70 -3.548794E-01 -4.243623E-01 -1.693788E+00
        71 -3.830264E-01 -4.274709E-01 -1.793289E+00
        72 -4.110709E-01 -4.310555E-01 -1.896372E+00
        73 -4.403823E-01 -4.356103E-01 -2.002245E+00
        74 -4.658242E-01 -4.410494E-01 -2.110458E+00
        75 -4.804067E-01 -4.263825E-01 -2.092614E+00
        76 -4.763323E-01 -4.013381E-01 -2.023114E+00
        77 -4.734239E-01 -3.761326E-01 -1.956347E+00
        78 -4.709268E-01 -3.509795E-01 -1.893159E+00
        79 -4.689185E-01 -3.257773E-01 -1.833941E+00
        80 -4.672155E-01 -3.005684E-01 -1.778955E+00
        81 -4.658129E-01 -2.754370E-01 -1.728531E+00
        82 -4.647246E-01 -2.503736E-01 -1.682949E+00
        83 -4.639433E-01 -2.253894E-01 -1.642436E+00
        84 -4.634671E-01 -2.004810E-01 -1.607124E+00
        85 -4.632952E-01 -1.756328E-01 -1.577044E+00
        86 -4.634155E-01 -1.508051E-01 -1.552097E+00
        87 -4.637842E-01 -1.259410E-01 -1.532044E+00
        88 -4.643175E-01 -1.009844E-01 -1.516524E+00
        89 -4.649022E-01 -7.590044E-02 -1.505095E+00
        90 -4.654201E-01 -5.068669E-02 -1.497314E+00
        91 -4.657725E-01 -2.537089E-02 -1.492809E+00
        92 -4.724006E-01 -4.365828E-01 -2.129411E+00
        93 -4.677206E-01 -4.145845E-01 -2.058800E+00
        94 -4.641696E-01 -3.886462E-01 -1.990598E+00
        95 -4.616876E-01 -3.636644E-01 -1.925592E+00
        96 -4.595094E-01 -3.384146E-01 -1.864361E+00
        97 -4.576526E-01 -3.132228E-01 -1.807229E+00
        98 -4.560990E-01 -2.880447E-01 -1.754509E+00
        99 -4.548582E-01 -2.629440E-01 -1.706489E+00
       100 -4.539258E-01 -2.379178E-01 -1.663433E+00
       101 -4.532999E-01 -2.129695E-01 -1.625520E+00
       102 -4.529786E-01 -1.880906E-01 -1.592831E+00
       103 -4.529566E-01 -1.632533E-01 -1.565333E+00
       104 -4.532085E-01 -1.384095E-01 -1.542856E+00
       105 -4.536708E-01 -1.134989E-01 -1.525099E+00
       106 -4.542425E-01 -8.847572E-02 -1.511654E+00
       107 -4.548067E-01 -6.332072E-02 -1.502077E+00
       108 -4.552518E-01 -3.804611E-02 -1.495955E+00
       109 -4.554953E-01 -1.269142E-02 -1.492977E+00
       110 -4.364834E-01  0.000000E+00 -1.378796E+00
       111 -4.077243E-01  0.000000E+00 -1.265670E+00
       112 -3.785383E-01  0.000000E+00 -1.152697E+00
       113 -3.495251E-01  0.000000E+00 -1.040517E+00
       114 -3.207684E-01  0.000000E+00 -9.300041E-01
       115 -2.924150E-01  0.000000E+00 -8.221593E-01
       116 -2.645524E-01  0.000000E+00 -7.179898E-01
       117 -2.372400E-01  0.000000E+00 -6.183688E-01
       118 -2.104824E-01  0.000000E+00 -5.239831E-01
       119 -1.843609E-01  0.000000E+00 -4.354029E-01
       120 -1.588997E-01  0.000000E+00 -3.533158E-01
       121 -1.340823E-01  0.000000E+00 -2.783238E-01
       122 -1.096877E-01  0.000000E+00 -2.104168E-01
       123 -8.571950E-02  0.000000E+00 -1.492066E-01
       124 -6.204998E-02  0.000000E+00 -9.454302E-02
       125 -3.878333E-02  0.000000E+00 -4.578038E-02
       126 -1.913124E-02  0.000000E+00 -1.141871E-02
       127 -4.479515E-01  0.000000E+00 -1.435614E+00
       128 -4.229390E-01  0.000000E+00 -1.322240E+00
       129 -3.930048E-01  0.000000E+00 -1.209221E+00
       130 -3.640627E-01  0.000000E+00 -1.096522E+00
       131 -3.351175E-01  0.000000E+00 -9.850565E-01
       132 -3.065541E-01  0.000000E+00 -8.757396E-01
       133 -2.784361E-01  0.000000E+00 -7.696052E-01
       134 -2.508421E-01  0.000000E+00 -6.676058E-01
       135 -2.237986E-01  0.000000E+00 -5.705139E-01
       136 -1.973670E-01  0.000000E+00 -4.789550E-01
       137 -1.715233E-01  0.000000E+00 -3.935293E-01
       138 -1.464251E-01  0.000000E+00 -3.148750E-01
       139 -1.218944E-01  0.000000E+00 -2.435140E-01
       140 -9.759840E-02  0.000000E+00 -1.789994E-01
       141 -7.395621E-02  0.000000E+00 -1.210083E-01
       142 -4.978745E-02  0.000000E+00 -6.945378E-02
       143 -2.822695E-02  0.000000E+00 -2.517649E-02
       144 -9.695058E-03  0.000000E+00 -2.537701E-03
       145 -1.916586E-02 -2.129253E-02 -9.899425E-03
       146 -3.885676E-02 -2.180261E-02 -4.320103E-02
       147 -6.188714E-02 -2.232862E-02 -9.099348E-02
       148 -8.536447E-02 -2.236791E-02 -1.457043E-01
       149 -1.093684E-01 -2.235641E-02 -2.071564E-01
       150 -1.337825E-01 -2.277615E-02 -2.746940E-01
       151 -1.583417E-01 -2.295838E-02 -3.497902E-01
       152 -1.839004E-01 -2.289131E-02 -4.324824E-01
       153 -2.100091E-01 -2.303867E-02 -5.214466E-01
       154 -2.367777E-01 -2.320184E-02 -6.162261E-01
       155 -2.640994E-01 -2.338348E-02 -7.162877E-01
       156 -2.919824E-01 -2.355186E-02 -8.210022E-01
       157 -3.203786E-01 -2.371016E-02 -9.294722E-01
       158 -3.492010E-01 -2.388970E-02 -1.040597E+00
       159 -3.782806E-01 -2.412749E-02 -1.153288E+00
       160 -4.075225E-01 -2.444418E-02 -1.266649E+00
       161 -4.363240E-01 -2.485181E-02 -1.380056E+00
       162 -1.945873E-02 -4.241083E-02 -5.927623E-03
       163 -3.937935E-02 -4.359745E-02 -3.528735E-02
       164 -6.137416E-02 -4.476835E-02 -7.964682E-02
       165 -8.396730E-02 -4.475564E-02 -1.350369E-01
       166 -1.084686E-01 -4.466668E-02 -1.976430E-01
       167 -1.330119E-01 -4.559293E-02 -2.635831E-01
       168 -1.565530E-01 -4.601354E-02 -3.388422E-01
       169 -1.823308E-01 -4.581388E-02 -4.237644E-01
       170 -2.086388E-01 -4.607761E-02 -5.139373E-01
       171 -2.353898E-01 -4.645403E-02 -6.097425E-01
       172 -2.627159E-01 -4.681956E-02 -7.110883E-01
       173 -2.906518E-01 -4.713682E-02 -8.174772E-01
       174 -3.191845E-01 -4.742899E-02 -9.279079E-01
       175 -3.482218E-01 -4.776437E-02 -1.040954E+00
       176 -3.775215E-01 -4.821976E-02 -1.155224E+00
       177 -4.069436E-01 -4.884717E-02 -1.269732E+00
       178 -4.358711E-01 -4.966099E-02 -1.383952E+00
       179 -1.976175E-02 -6.289075E-02 -2.276572E-03
       180 -3.991955E-02 -6.378194E-02 -2.711988E-02
       181 -6.081906E-02 -6.486760E-02 -6.711225E-02
       182 -8.248034E-02 -6.569559E-02 -1.218667E-01
       183 -1.072054E-01 -6.646058E-02 -1.844974E-01
       184 -1.316591E-01 -6.725183E-02 -2.486416E-01
       185 -1.542675E-01 -6.796943E-02 -3.236980E-01
       186 -1.800267E-01 -6.860540E-02 -4.102867E-01
       187 -2.064298E-01 -6.926341E-02 -5.016109E-01
       188 -2.330669E-01 -6.990679E-02 -5.987252E-01
       189 -2.603449E-01 -7.048475E-02 -7.020523E-01
       190 -2.883582E-01 -7.097631E-02 -8.112374E-01
       191 -3.170754E-01 -7.120318E-02 -9.254127E-01
       192 -3.466475E-01 -7.149822E-02 -1.042109E+00
       193 -3.763386E-01 -7.220657E-02 -1.159028E+00
       194 -4.060705E-01 -7.316653E-02 -1.275368E+00
       195 -4.352006E-01 -7.439045E-02 -1.390824E+00
       196 -1.984691E-02 -8.310905E-02 -2.240634E-03
       197 -4.002054E-02 -8.379336E-02 -2.433513E-02
       198 -6.070538E-02 -8.487181E-02 -6.053214E-02
       199 -8.213369E-02 -8.659878E-02 -1.106514E-01
       200 -1.057102E-01 -8.821012E-02 -1.698137E-01
       201 -1.294600E-01 -8.881433E-02 -2.335750E-01
       202 -1.523197E-01 -8.982320E-02 -3.078091E-01
       203 -1.775201E-01 -9.134795E-02 -3.928309E-01
       204 -2.033564E-01 -9.242633E-02 -4.842469E-01
       205 -2.297600E-01 -9.335344E-02 -5.826749E-01
       206 -2.569055E-01 -9.417899E-02 -6.883866E-01
       207 -2.848071E-01 -9.481006E-02 -8.015186E-01
       208 -3.136818E-01 -9.487998E-02 -9.221836E-01
       209 -3.444578E-01 -9.506246E-02 -1.045137E+00
       210 -3.749334E-01 -9.602102E-02 -1.165721E+00
       211 -4.050542E-01 -9.737079E-02 -1.284294E+00
       212 -4.344361E-01 -9.901883E-02 -1.401208E+00
       213 -1.989799E-02 -1.031009E-01 -7.828224E-03
       214 -4.003743E-02 -1.037226E-01 -2.796996E-02
       215 -6.071369E-02 -1.046834E-01 -6.093511E-02
       216 -8.205908E-02 -1.060543E-01 -1.058720E-01
       217 -1.043806E-01 -1.074852E-01 -1.608605E-01
       218 -1.273300E-01 -1.084760E-01 -2.243414E-01
       219 -1.506385E-01 -1.096939E-01 -2.974471E-01
       220 -1.751085E-01 -1.111562E-01 -3.801865E-01
       221 -2.003338E-01 -1.124012E-01 -4.714390E-01
       222 -2.264619E-01 -1.135969E-01 -5.711383E-01
       223 -2.534731E-01 -1.147252E-01 -6.793275E-01
       224 -2.812923E-01 -1.158501E-01 -7.964648E-01
       225 -3.103611E-01 -1.168648E-01 -9.235759E-01
       226 -3.423594E-01 -1.180398E-01 -1.052668E+00
       227 -3.736078E-01 -1.196284E-01 -1.176775E+00
       228 -4.041041E-01 -1.214569E-01 -1.297465E+00
       229 -4.337289E-01 -1.235511E-01 -1.415752E+00
       230 -1.991734E-02 -1.230614E-01 -2.070059E-02
       231 -4.004573E-02 -1.236066E-01 -3.944518E-02
       232 -6.059549E-02 -1.244778E-01 -7.022570E-02
       233 -8.174332E-02 -1.255769E-01 -1.123166E-01
       234 -1.035697E-01 -1.267973E-01 -1.648211E-01
       235 -1.260693E-01 -1.280888E-01 -2.271662E-01
       236 -1.492636E-01 -1.294375E-01 -2.992877E-01
       237 -1.732978E-01 -1.308492E-01 -3.811913E-01
       238 -1.982410E-01 -1.322938E-01 -4.727356E-01
       239 -2.241733E-01 -1.337288E-01 -5.738223E-01
       240 -2.511698E-01 -1.352065E-01 -6.844034E-01
       241 -2.791847E-01 -1.368420E-01 -8.045613E-01
       242 -3.085453E-01 -1.387677E-01 -9.351908E-01
       243 -3.410901E-01 -1.409005E-01 -1.067411E+00
       244 -3.726722E-01 -1.431252E-01 -1.193655E+00
       245 -4.034228E-01 -1.454808E-01 -1.315812E+00
       246 -4.332229E-01 -1.480216E-01 -1.435088E+00
       247 -1.993951E-02 -1.431083E-01 -4.210052E-02
       248 -4.006764E-02 -1.435934E-01 -5.995594E-02
       249 -6.055720E-02 -1.443713E-01 -8.935071E-02
       250 -8.155073E-02 -1.453931E-01 -1.298099E-01
       251 -1.031473E-01 -1.465912E-01 -1.808242E-01
       252 -1.254043E-01 -1.479206E-01 -2.420510E-01
       253 -1.483864E-01 -1.493749E-01 -3.134445E-01
       254 -1.722035E-01 -1.509454E-01 -3.951046E-01
       255 -1.969500E-01 -1.525900E-01 -4.872130E-01
       256 -2.228138E-01 -1.543003E-01 -5.898987E-01
       257 -2.498950E-01 -1.559586E-01 -7.031530E-01
       258 -2.783556E-01 -1.579240E-01 -8.258738E-01
       259 -3.080627E-01 -1.607631E-01 -9.576688E-01
       260 -3.406446E-01 -1.638313E-01 -1.090433E+00
       261 -3.723201E-01 -1.666690E-01 -1.217290E+00
       262 -4.031403E-01 -1.695264E-01 -1.339981E+00
       263 -4.330203E-01 -1.724860E-01 -1.459700E+00
       264 -1.998757E-02 -1.633877E-01 -7.302556E-02
       265 -4.014769E-02 -1.638363E-01 -9.040003E-02
       266 -6.063840E-02 -1.645622E-01 -1.190457E-01
       267 -8.159009E-02 -1.655361E-01 -1.585829E-01
       268 -1.031004E-01 -1.667284E-01 -2.086576E-01
       269 -1.252484E-01 -1.681176E-01 -2.690762E-01
       270 -1.481155E-01 -1.696921E-01 -3.398841E-01
       271 -1.717992E-01 -1.714428E-01 -4.213690E-01
       272 -1.964334E-01 -1.733491E-01 -5.140421E-01
       273 -2.221420E-01 -1.753419E-01 -6.186187E-01
       274 -2.493014E-01 -1.771360E-01 -7.360062E-01
       275 -2.789949E-01 -1.793898E-01 -8.617663E-01
       276 -3.093560E-01 -1.830595E-01 -9.919199E-01
       277 -3.412440E-01 -1.870152E-01 -1.122012E+00
       278 -3.725493E-01 -1.904082E-01 -1.247872E+00
       279 -4.032933E-01 -1.936754E-01 -1.370242E+00
       280 -4.331644E-01 -1.970011E-01 -1.489849E+00
       281 -2.007533E-02 -1.840454E-01 -1.142636E-01
       282 -4.032134E-02 -1.844725E-01 -1.315141E-01
       283 -6.089156E-02 -1.851724E-01 -1.599185E-01
       284 -8.190956E-02 -1.861323E-01 -1.990698E-01
       285 -1.034664E-01 -1.873416E-01 -2.486131E-01
       286 -1.256342E-01 -1.887969E-01 -3.083964E-01
       287 -1.484898E-01 -1.905023E-01 -3.785675E-01
       288 -1.721271E-01 -1.924696E-01 -4.596100E-01
       289 -1.967150E-01 -1.947171E-01 -5.523260E-01
       290 -2.222883E-01 -1.973113E-01 -6.579903E-01
       291 -2.494841E-01 -2.001959E-01 -7.784880E-01
       292 -2.803166E-01 -2.033864E-01 -9.062743E-01
       293 -3.112341E-01 -2.071034E-01 -1.033975E+00
       294 -3.423504E-01 -2.108884E-01 -1.160724E+00
       295 -3.732256E-01 -2.144381E-01 -1.284987E+00
       296 -4.038423E-01 -2.179864E-01 -1.406509E+00
       297 -4.336548E-01 -2.216088E-01 -1.525578E+00
       298 -2.020976E-02 -2.052430E-01 -1.664326E-01
       299 -4.060220E-02 -2.056617E-01 -1.839310E-01
       300 -6.134016E-02 -2.063483E-01 -2.126179E-01
       301 -8.254904E-02 -2.073054E-01 -2.518944E-01
       302 -1.042919E-01 -2.085423E-01 -3.012382E-01
       303 -1.266163E-01 -2.100691E-01 -3.604449E-01
       304 -1.495757E-01 -2.119061E-01 -4.297202E-01
       305 -1.732577E-01 -2.140887E-01 -5.097090E-01
       306 -1.978339E-01 -2.166626E-01 -6.014597E-01
       307 -2.234014E-01 -2.197011E-01 -7.064233E-01
       308 -2.506401E-01 -2.235692E-01 -8.263471E-01
       309 -2.815437E-01 -2.277089E-01 -9.533461E-01
       310 -3.124707E-01 -2.313348E-01 -1.079859E+00
       311 -3.434932E-01 -2.349257E-01 -1.205162E+00
       312 -3.742310E-01 -2.386921E-01 -1.328070E+00
       313 -4.047323E-01 -2.424622E-01 -1.448524E+00
       314 -4.344763E-01 -2.463284E-01 -1.566772E+00
       315 -2.038284E-02 -2.271404E-01 -2.299699E-01
       316 -4.097772E-02 -2.275638E-01 -2.481964E-01
       317 -6.197930E-02 -2.282629E-01 -2.778441E-01
       318 -8.353066E-02 -2.292390E-01 -3.178852E-01
       319 -1.056323E-01 -2.305045E-01 -3.673975E-01
       320 -1.282837E-01 -2.320958E-01 -4.259936E-01
       321 -1.514765E-01 -2.340478E-01 -4.938986E-01
       322 -1.752848E-01 -2.363967E-01 -5.719402E-01
       323 -1.998498E-01 -2.392102E-01 -6.614974E-01
       324 -2.255194E-01 -2.426549E-01 -7.639206E-01
       325 -2.527623E-01 -2.470170E-01 -8.800683E-01
       326 -2.828420E-01 -2.515658E-01 -1.003873E+00
       327 -3.132800E-01 -2.555053E-01 -1.129942E+00
       328 -3.447104E-01 -2.592501E-01 -1.255153E+00
       329 -3.755775E-01 -2.631359E-01 -1.376840E+00
       330 -4.059579E-01 -2.671002E-01 -1.496005E+00
       331 -4.356216E-01 -2.711682E-01 -1.613216E+00
       332 -2.058700E-02 -2.499333E-01 -3.050469E-01
       333 -4.144519E-02 -2.504366E-01 -3.245756E-01
       334 -6.273965E-02 -2.510700E-01 -3.563633E-01
       335 -8.491948E-02 -2.519836E-01 -3.982632E-01
       336 -1.075730E-01 -2.533418E-01 -4.483360E-01
       337 -1.307412E-01 -2.549806E-01 -5.062305E-01
       338 -1.543044E-01 -2.569468E-01 -5.721678E-01
       339 -1.783738E-01 -2.594879E-01 -6.468946E-01
       340 -2.027981E-01 -2.625153E-01 -7.327410E-01
       341 -2.283460E-01 -2.658603E-01 -8.319244E-01
       342 -2.554159E-01 -2.695970E-01 -9.451017E-01
       343 -2.853136E-01 -2.737811E-01 -1.066021E+00
       344 -3.155374E-01 -2.786206E-01 -1.189168E+00
       345 -3.467215E-01 -2.834614E-01 -1.311658E+00
       346 -3.773493E-01 -2.877740E-01 -1.431109E+00
       347 -4.075401E-01 -2.919112E-01 -1.548606E+00
       348 -4.370877E-01 -2.961275E-01 -1.664601E+00
       349 -2.085012E-02 -2.737657E-01 -3.914548E-01
       350 -4.184929E-02 -2.744300E-01 -4.129667E-01
       351 -6.331430E-02 -2.751761E-01 -4.490124E-01
       352 -8.667785E-02 -2.761843E-01 -4.947447E-01
       353 -1.102782E-01 -2.776701E-01 -5.457830E-01
       354 -1.340793E-01 -2.793283E-01 -6.028431E-01
       355 -1.583317E-01 -2.812099E-01 -6.661166E-01
       356 -1.829497E-01 -2.837340E-01 -7.352784E-01
       357 -2.068458E-01 -2.867860E-01 -8.150703E-01
       358 -2.318719E-01 -2.902663E-01 -9.103198E-01
       359 -2.586662E-01 -2.944311E-01 -1.021368E+00
       360 -2.890585E-01 -2.989704E-01 -1.139562E+00
       361 -3.193569E-01 -3.037729E-01 -1.257168E+00
       362 -3.496010E-01 -3.084202E-01 -1.374161E+00
       363 -3.795626E-01 -3.126928E-01 -1.490257E+00
       364 -4.094566E-01 -3.169182E-01 -1.605739E+00
       365 -4.388447E-01 -3.212195E-01 -1.720482E+00
       366 -2.125892E-02 -2.988044E-01 -4.885650E-01
       367 -4.244136E-02 -2.997982E-01 -5.119766E-01
       368 -6.437573E-02 -3.017020E-01 -5.513926E-01
       369 -8.882235E-02 -3.040051E-01 -5.996047E-01
       370 -1.133493E-01 -3.058861E-01 -6.509461E-01
       371 -1.377498E-01 -3.075370E-01 -7.069830E-01
       372 -1.627132E-01 -3.090272E-01 -7.679047E-01
       373 -1.879145E-01 -3.103203E-01 -8.325216E-01
       374 -2.115893E-01 -3.121508E-01 -9.070546E-01
       375 -2.364181E-01 -3.152412E-01 -9.977439E-01
       376 -2.631008E-01 -3.197714E-01 -1.103994E+00
       377 -2.931997E-01 -3.247369E-01 -1.216981E+00
       378 -3.231325E-01 -3.292093E-01 -1.328983E+00
       379 -3.527675E-01 -3.337202E-01 -1.440552E+00
       380 -3.820910E-01 -3.381536E-01 -1.552762E+00
       381 -4.115653E-01 -3.421926E-01 -1.666495E+00
       382 -4.409126E-01 -3.463460E-01 -1.780444E+00
       383 -2.168205E-02 -3.247834E-01 -5.961229E-01
       384 -4.346433E-02 -3.261809E-01 -6.207856E-01
       385 -6.669540E-02 -3.289592E-01 -6.595977E-01
       386 -9.158005E-02 -3.319998E-01 -7.054552E-01
       387 -1.163827E-01 -3.341062E-01 -7.552465E-01
       388 -1.412666E-01 -3.357192E-01 -8.099939E-01
       389 -1.664781E-01 -3.369324E-01 -8.698986E-01
       390 -1.919469E-01 -3.374196E-01 -9.345526E-01
       391 -2.165162E-01 -3.384029E-01 -1.008191E+00
       392 -2.420590E-01 -3.411493E-01 -1.094784E+00
       393 -2.689069E-01 -3.456097E-01 -1.193519E+00
       394 -2.980088E-01 -3.505288E-01 -1.298540E+00
       395 -3.273676E-01 -3.548634E-01 -1.404179E+00
       396 -3.566027E-01 -3.591838E-01 -1.509263E+00
       397 -3.847470E-01 -3.634547E-01 -1.616707E+00
       398 -4.134949E-01 -3.674847E-01 -1.729705E+00
       399 -4.431841E-01 -3.716079E-01 -1.844086E+00
       400 -2.255702E-02 -3.523392E-01 -7.136314E-01
       401 -4.536464E-02 -3.545846E-01 -7.362641E-01
       402 -6.961672E-02 -3.576805E-01 -7.705449E-01
       403 -9.450156E-02 -3.603267E-01 -8.117851E-01
       404 -1.194757E-01 -3.622739E-01 -8.589995E-01
       405 -1.447465E-01 -3.638095E-01 -9.121243E-01
       406 -1.701705E-01 -3.650477E-01 -9.712883E-01
       407 -1.958437E-01 -3.660246E-01 -1.036919E+00
       408 -2.215143E-01 -3.674142E-01 -1.110638E+00
       409 -2.478697E-01 -3.698056E-01 -1.193630E+00
       410 -2.749491E-01 -3.732012E-01 -1.285197E+00
       411 -3.030809E-01 -3.770282E-01 -1.382655E+00
       412 -3.317045E-01 -3.805577E-01 -1.482943E+00
       413 -3.604975E-01 -3.836551E-01 -1.584074E+00
       414 -3.883093E-01 -3.870727E-01 -1.688528E+00
       415 -4.168152E-01 -3.917201E-01 -1.799247E+00
       416 -4.462504E-01 -3.967203E-01 -1.911989E+00
       417 -2.365227E-02 -3.821986E-01 -8.321300E-01
       418 -4.753379E-02 -3.839405E-01 -8.507541E-01
       419 -7.215570E-02 -3.862007E-01 -8.798215E-01
       420 -9.719993E-02 -3.882201E-01 -9.171473E-01
       421 -1.226380E-01 -3.899700E-01 -9.616904E-01
       422 -1.483292E-01 -3.913735E-01 -1.012908E+00
       423 -1.741942E-01 -3.925457E-01 -1.070761E+00
       424 -2.002280E-01 -3.937323E-01 -1.135547E+00
       425 -2.264621E-01 -3.952574E-01 -1.207777E+00
       426 -2.530888E-01 -3.973823E-01 -1.287669E+00
       427 -2.802437E-01 -4.001244E-01 -1.374613E+00
       428 -3.079713E-01 -4.032516E-01 -1.467189E+00
       429 -3.360530E-01 -4.065161E-01 -1.563903E+00
       430 -3.643952E-01 -4.096134E-01 -1.663678E+00
       431 -3.926900E-01 -4.130210E-01 -1.766886E+00
       432 -4.213942E-01 -4.173067E-01 -1.873968E+00
       433 -4.503005E-01 -4.221178E-01 -1.983189E+00
       434 -9.756436E-03 -2.120748E-02 -1.185377E-03
       435 -1.948840E-02 -1.068583E-02 -1.041677E-02
       436 -2.823102E-02 -2.150872E-02 -2.313788E-02
       437 -3.693686E-02 -1.081623E-02 -4.498688E-02
       438 -4.965855E-02 -2.173197E-02 -6.646185E-02
       439 -6.238733E-02 -1.091910E-02 -9.369278E-02
       440 -7.378353E-02 -2.201036E-02 -1.175616E-01
       441 -8.561559E-02 -1.108480E-02 -1.483113E-01
       442 -9.734521E-02 -2.233621E-02 -1.755660E-01
       443 -1.096443E-01 -1.123285E-02 -2.095840E-01
       444 -1.214651E-01 -2.251361E-02 -2.400423E-01
       445 -1.339199E-01 -1.125483E-02 -2.774368E-01
       446 -1.460138E-01 -2.257999E-02 -3.114288E-01
       447 -1.588692E-01 -1.135165E-02 -3.524533E-01
       448 -1.710957E-01 -2.286244E-02 -3.902454E-01
       449 -1.842262E-01 -1.146988E-02 -4.346919E-01
       450 -1.968618E-01 -2.296531E-02 -4.762317E-01
       451 -2.103923E-01 -1.150082E-02 -5.233763E-01
       452 -2.233399E-01 -2.309433E-02 -5.681826E-01
       453 -2.371333E-01 -1.159157E-02 -6.178720E-01
       454 -2.503829E-01 -2.327658E-02 -6.656778E-01
       455 -2.644583E-01 -1.167950E-02 -7.176143E-01
       456 -2.779892E-01 -2.344968E-02 -7.681729E-01
       457 -2.923244E-01 -1.176407E-02 -8.219268E-01
       458 -3.061453E-01 -2.361497E-02 -8.748978E-01
       459 -3.206990E-01 -1.185018E-02 -9.299314E-01
       460 -3.347635E-01 -2.379353E-02 -9.848373E-01
       461 -3.494478E-01 -1.194688E-02 -1.040604E+00
       462 -3.637691E-01 -2.400219E-02 -1.096872E+00
       463 -3.785791E-01 -1.206557E-02 -1.152904E+00
       464 -3.927765E-01 -2.427533E-02 -1.210022E+00
       465 -4.072782E-01 -1.222438E-02 -1.266037E+00
       466 -4.227597E-01 -2.463385E-02 -1.323372E+00
       467 -4.383652E-01 -1.242721E-02 -1.378965E+00
       468 -4.478101E-01 -2.509582E-02 -1.436989E+00
       469 -9.791389E-03 -4.208407E-02  1.825582E-03
       470 -1.961610E-02 -3.185450E-02 -7.486026E-03
       471 -2.899333E-02 -4.312206E-02 -1.766832E-02
       472 -3.749033E-02 -3.301170E-02 -3.972102E-02
       473 -5.005599E-02 -4.592187E-02 -5.594587E-02
       474 -6.205615E-02 -3.419588E-02 -8.661110E-02
       475 -7.237536E-02 -4.655231E-02 -1.056955E-01
       476 -8.453479E-02 -3.387923E-02 -1.412744E-01
       477 -9.581425E-02 -4.478587E-02 -1.659767E-01
       478 -1.089865E-01 -3.348992E-02 -2.029222E-01
       479 -1.211745E-01 -4.534611E-02 -2.300895E-01
       480 -1.336666E-01 -3.452788E-02 -2.702026E-01
       481 -1.446374E-01 -4.731146E-02 -2.992339E-01
       482 -1.574173E-01 -3.481004E-02 -3.454265E-01
       483 -1.690325E-01 -4.623969E-02 -3.807081E-01
       484 -1.832592E-01 -3.433871E-02 -4.287512E-01
       485 -1.955165E-01 -4.588856E-02 -4.681711E-01
       486 -2.094390E-01 -3.459085E-02 -5.183439E-01
       487 -2.219457E-01 -4.635416E-02 -5.611631E-01
       488 -2.362152E-01 -3.483765E-02 -6.135740E-01
       489 -2.489967E-01 -4.670835E-02 -6.597816E-01
       490 -2.635437E-01 -3.511385E-02 -7.141912E-01
       491 -2.766299E-01 -4.707115E-02 -7.637442E-01
       492 -2.914538E-01 -3.536268E-02 -8.196046E-01
       493 -3.048564E-01 -4.734889E-02 -8.723146E-01
       494 -3.198948E-01 -3.557985E-02 -9.288783E-01
       495 -3.336590E-01 -4.759110E-02 -9.842716E-01
       496 -3.487989E-01 -3.582845E-02 -1.040790E+00
       497 -3.629129E-01 -4.795787E-02 -1.098077E+00
       498 -3.780654E-01 -3.618159E-02 -1.154127E+00
       499 -3.921134E-01 -4.850971E-02 -1.212584E+00
       500 -4.068804E-01 -3.665265E-02 -1.268034E+00
       501 -4.222490E-01 -4.922641E-02 -1.326900E+00
       502 -4.380530E-01 -3.726012E-02 -1.381517E+00
       503 -4.474090E-01 -5.014457E-02 -1.441215E+00
       504 -9.833961E-03 -6.271389E-02  4.445024E-03
       505 -1.965429E-02 -5.266032E-02 -3.418817E-03
       506 -2.976476E-02 -6.325683E-02 -1.231569E-02
       507 -3.937901E-02 -5.400701E-02 -3.014893E-02
       508 -5.048487E-02 -6.398103E-02 -4.469089E-02
       509 -6.139244E-02 -5.552355E-02 -7.186403E-02
       510 -7.084179E-02 -6.491078E-02 -9.188584E-02
       511 -8.154348E-02 -5.547161E-02 -1.280215E-01
       512 -9.396143E-02 -6.570154E-02 -1.534135E-01
       513 -1.078121E-01 -5.529125E-02 -1.916125E-01
       514 -1.205367E-01 -6.647082E-02 -2.164828E-01
       515 -1.343556E-01 -5.672596E-02 -2.555806E-01
       516 -1.427006E-01 -6.727298E-02 -2.828872E-01
       517 -1.533473E-01 -5.727195E-02 -3.311547E-01
       518 -1.662722E-01 -6.790455E-02 -3.668016E-01
       519 -1.817146E-01 -5.697813E-02 -4.176807E-01
       520 -1.934289E-01 -6.855639E-02 -4.553677E-01
       521 -2.075521E-01 -5.753039E-02 -5.083996E-01
       522 -2.196579E-01 -6.921193E-02 -5.494977E-01
       523 -2.343832E-01 -5.800376E-02 -6.048840E-01
       524 -2.466591E-01 -6.983260E-02 -6.497251E-01
       525 -2.616857E-01 -5.848931E-02 -7.071425E-01
       526 -2.742620E-01 -7.034454E-02 -7.560747E-01
       527 -2.896313E-01 -5.886386E-02 -8.148111E-01
       528 -3.026966E-01 -7.075199E-02 -8.680028E-01
       529 -3.183815E-01 -5.924109E-02 -9.268233E-01
       530 -3.318552E-01 -7.129550E-02 -9.836244E-01
       531 -3.474836E-01 -5.967112E-02 -1.041448E+00
       532 -3.615194E-01 -7.184182E-02 -1.100671E+00
       533 -3.770923E-01 -6.022159E-02 -1.156909E+00
       534 -3.911057E-01 -7.264916E-02 -1.217403E+00
       535 -4.061376E-01 -6.102036E-02 -1.272323E+00
       536 -4.214860E-01 -7.374200E-02 -1.333218E+00
       537 -4.374791E-01 -6.203062E-02 -1.386852E+00
       538 -4.468180E-01 -7.510658E-02 -1.448581E+00
       539 -9.911105E-03 -8.290323E-02  3.788023E-03
       540 -1.980109E-02 -7.304456E-02 -1.223495E-03
       541 -2.984625E-02 -8.341550E-02 -1.103511E-02
       542 -4.000436E-02 -7.374004E-02 -2.456851E-02
       543 -5.032552E-02 -8.426021E-02 -4.026802E-02
       544 -6.102952E-02 -7.465175E-02 -6.246615E-02
       545 -7.101726E-02 -8.595664E-02 -8.344705E-02
       546 -8.065599E-02 -7.636659E-02 -1.158980E-01
       547 -9.349322E-02 -8.916890E-02 -1.395120E-01
       548 -1.064362E-01 -7.806360E-02 -1.777552E-01
       549 -1.179984E-01 -9.014653E-02 -2.008602E-01
       550 -1.325910E-01 -7.821324E-02 -2.406094E-01
       551 -1.407171E-01 -8.969901E-02 -2.683647E-01
       552 -1.512292E-01 -7.910779E-02 -3.156668E-01
       553 -1.644792E-01 -9.210703E-02 -3.494271E-01
       554 -1.793175E-01 -8.066554E-02 -4.022610E-01
       555 -1.904448E-01 -9.379937E-02 -4.375550E-01
       556 -2.049183E-01 -8.144221E-02 -4.936126E-01
       557 -2.164629E-01 -9.467018E-02 -5.324396E-01
       558 -2.315831E-01 -8.226069E-02 -5.914283E-01
       559 -2.432288E-01 -9.555376E-02 -6.344910E-01
       560 -2.587723E-01 -8.293657E-02 -6.959087E-01
       561 -2.708235E-01 -9.641114E-02 -7.438901E-01
       562 -2.867866E-01 -8.353864E-02 -8.070419E-01
       563 -2.988142E-01 -9.646115E-02 -8.608249E-01
       564 -3.153396E-01 -8.336561E-02 -9.239650E-01
       565 -3.288135E-01 -9.509645E-02 -9.840863E-01
       566 -3.456106E-01 -8.328169E-02 -1.043272E+00
       567 -3.598698E-01 -9.537722E-02 -1.105779E+00
       568 -3.757468E-01 -8.414747E-02 -1.162011E+00
       569 -3.899054E-01 -9.667061E-02 -1.225353E+00
       570 -4.051741E-01 -8.527968E-02 -1.279505E+00
       571 -4.206132E-01 -9.814851E-02 -1.342955E+00
       572 -4.367429E-01 -8.671049E-02 -1.395413E+00
       573 -4.461469E-01 -9.996117E-02 -1.459535E+00
       574 -9.927832E-03 -1.029400E-01 -2.325722E-03
       575 -1.987705E-02 -9.310488E-02 -3.776409E-03
       576 -2.992071E-02 -1.033519E-01 -1.581954E-02
       577 -4.000066E-02 -9.378587E-02 -2.481424E-02
       578 -5.027231E-02 -1.041616E-01 -4.246688E-02
       579 -6.071923E-02 -9.478903E-02 -5.935651E-02
       580 -7.130205E-02 -1.052990E-01 -8.163894E-02
       581 -8.189253E-02 -9.663782E-02 -1.064378E-01
       582 -9.316478E-02 -1.064096E-01 -1.316926E-01
       583 -1.049314E-01 -9.853803E-02 -1.630434E-01
       584 -1.156858E-01 -1.076448E-01 -1.909769E-01
       585 -1.284845E-01 -9.895923E-02 -2.271587E-01
       586 -1.388806E-01 -1.089949E-01 -2.593677E-01
       587 -1.512059E-01 -1.000979E-01 -3.008681E-01
       588 -1.627837E-01 -1.101016E-01 -3.372004E-01
       589 -1.762118E-01 -1.019454E-01 -3.842968E-01
       590 -1.875591E-01 -1.113915E-01 -4.243188E-01
       591 -2.016894E-01 -1.030570E-01 -4.756916E-01
       592 -2.132697E-01 -1.126373E-01 -5.198158E-01
       593 -2.279725E-01 -1.041400E-01 -5.747419E-01
       594 -2.397950E-01 -1.137980E-01 -6.237460E-01
       595 -2.549609E-01 -1.050941E-01 -6.817391E-01
       596 -2.673980E-01 -1.149081E-01 -7.362824E-01
       597 -2.831910E-01 -1.060081E-01 -7.967697E-01
       598 -2.949548E-01 -1.160169E-01 -8.582714E-01
       599 -3.103022E-01 -1.062052E-01 -9.217172E-01
       600 -3.258530E-01 -1.173976E-01 -9.891331E-01
       601 -3.437163E-01 -1.065466E-01 -1.048306E+00
       602 -3.583131E-01 -1.188211E-01 -1.115321E+00
       603 -3.742766E-01 -1.078545E-01 -1.170682E+00
       604 -3.887780E-01 -1.205059E-01 -1.237603E+00
       605 -4.041800E-01 -1.094220E-01 -1.290446E+00
       606 -4.198017E-01 -1.224664E-01 -1.356891E+00
       607 -4.359849E-01 -1.112878E-01 -1.407802E+00
       608 -4.455302E-01 -1.247098E-01 -1.474614E+00
       609 -9.943513E-03 -1.229128E-01 -1.556057E-02
       610 -1.990093E-02 -1.130729E-01 -1.284517E-02
       611 -2.993396E-02 -1.232818E-01 -2.811841E-02
       612 -4.004976E-02 -1.136437E-01 -3.221795E-02
       613 -5.025205E-02 -1.239885E-01 -5.295294E-02
       614 -6.061692E-02 -1.145794E-01 -6.398855E-02
       615 -7.106518E-02 -1.250074E-01 -8.949610E-02
       616 -8.196383E-02 -1.157166E-01 -1.072941E-01
       617 -9.253921E-02 -1.262520E-01 -1.369341E-01
       618 -1.039142E-01 -1.169035E-01 -1.608672E-01
       619 -1.147418E-01 -1.274987E-01 -1.943992E-01
       620 -1.264855E-01 -1.182153E-01 -2.238673E-01
       621 -1.375488E-01 -1.287641E-01 -2.616079E-01
       622 -1.499940E-01 -1.194960E-01 -2.964423E-01
       623 -1.611339E-01 -1.301880E-01 -3.386749E-01
       624 -1.740533E-01 -1.208013E-01 -3.786515E-01
       625 -1.856356E-01 -1.316537E-01 -4.254283E-01
       626 -1.991691E-01 -1.221801E-01 -4.700276E-01
       627 -2.110692E-01 -1.330929E-01 -5.217489E-01
       628 -2.251899E-01 -1.234877E-01 -5.703878E-01
       629 -2.374761E-01 -1.345184E-01 -6.275978E-01
       630 -2.520567E-01 -1.247889E-01 -6.798227E-01
       631 -2.651351E-01 -1.359945E-01 -7.429378E-01
       632 -2.804356E-01 -1.261167E-01 -7.984369E-01
       633 -2.930696E-01 -1.377411E-01 -8.682781E-01
       634 -3.074381E-01 -1.277262E-01 -9.281997E-01
       635 -3.243752E-01 -1.398254E-01 -1.002345E+00
       636 -3.420334E-01 -1.295001E-01 -1.059164E+00
       637 -3.571893E-01 -1.419978E-01 -1.131233E+00
       638 -3.730953E-01 -1.313718E-01 -1.184510E+00
       639 -3.879886E-01 -1.442836E-01 -1.255302E+00
       640 -4.033482E-01 -1.334738E-01 -1.306113E+00
       641 -4.192143E-01 -1.467210E-01 -1.375786E+00
       642 -4.353613E-01 -1.357825E-01 -1.424679E+00
       643 -4.450956E-01 -1.493874E-01 -1.494344E+00
       644 -9.955893E-03 -1.429748E-01 -3.720523E-02
       645 -1.992225E-02 -1.330553E-01 -2.985379E-02
       646 -2.996346E-02 -1.433030E-01 -4.915726E-02
       647 -4.004318E-02 -1.335700E-01 -4.810166E-02
       648 -5.024696E-02 -1.439413E-01 -7.283949E-02
       649 -6.055752E-02 -1.343862E-01 -7.810125E-02
       650 -7.097452E-02 -1.448445E-01 -1.078354E-01
       651 -8.159234E-02 -1.354539E-01 -1.192710E-01
       652 -9.225911E-02 -1.459468E-01 -1.536277E-01
       653 -1.032956E-01 -1.366794E-01 -1.709551E-01
       654 -1.141653E-01 -1.472163E-01 -2.097848E-01
       655 -1.256702E-01 -1.379697E-01 -2.327119E-01
       656 -1.367794E-01 -1.486223E-01 -2.761067E-01
       657 -1.487145E-01 -1.393732E-01 -3.044582E-01
       658 -1.601679E-01 -1.501267E-01 -3.526220E-01
       659 -1.726438E-01 -1.408757E-01 -3.862207E-01
       660 -1.844293E-01 -1.517366E-01 -4.394881E-01
       661 -1.974849E-01 -1.424169E-01 -4.780264E-01
       662 -2.096982E-01 -1.533890E-01 -5.368991E-01
       663 -2.233550E-01 -1.439603E-01 -5.798974E-01
       664 -2.361817E-01 -1.551100E-01 -6.449858E-01
       665 -2.504069E-01 -1.456325E-01 -6.917344E-01
       666 -2.641436E-01 -1.572180E-01 -7.628913E-01
       667 -2.789269E-01 -1.475783E-01 -8.130505E-01
       668 -2.923171E-01 -1.596119E-01 -8.901520E-01
       669 -3.062869E-01 -1.498283E-01 -9.451649E-01
       670 -3.238729E-01 -1.623385E-01 -1.025206E+00
       671 -3.411614E-01 -1.523185E-01 -1.077969E+00
       672 -3.568294E-01 -1.652345E-01 -1.154582E+00
       673 -3.724406E-01 -1.548883E-01 -1.204706E+00
       674 -3.876646E-01 -1.680949E-01 -1.279217E+00
       675 -4.028563E-01 -1.574949E-01 -1.327321E+00
       676 -4.189726E-01 -1.709836E-01 -1.400197E+00
       677 -4.349981E-01 -1.602444E-01 -1.446613E+00
       678 -4.449345E-01 -1.740436E-01 -1.519143E+00
       679 -9.981187E-03 -1.632628E-01 -6.827217E-02
       680 -1.995585E-02 -1.531997E-01 -5.592361E-02
       681 -3.003072E-02 -1.635647E-01 -7.989817E-02
       682 -4.009118E-02 -1.536643E-01 -7.349401E-02
       683 -5.033541E-02 -1.641553E-01 -1.029537E-01
       684 -6.056827E-02 -1.544134E-01 -1.024500E-01
       685 -7.103829E-02 -1.650110E-01 -1.370980E-01
       686 -8.152911E-02 -1.554037E-01 -1.423784E-01
       687 -9.225534E-02 -1.661010E-01 -1.819484E-01
       688 -1.030593E-01 -1.565914E-01 -1.928708E-01
       689 -1.140756E-01 -1.673940E-01 -2.372130E-01
       690 -1.252385E-01 -1.579558E-01 -2.536757E-01
       691 -1.365678E-01 -1.688738E-01 -3.028137E-01
       692 -1.481587E-01 -1.594677E-01 -3.247797E-01
       693 -1.598300E-01 -1.705449E-01 -3.789205E-01
       694 -1.718918E-01 -1.611224E-01 -4.063745E-01
       695 -1.839542E-01 -1.723596E-01 -4.659361E-01
       696 -1.965625E-01 -1.628758E-01 -4.988021E-01
       697 -2.091896E-01 -1.744374E-01 -5.644463E-01
       698 -2.224036E-01 -1.647626E-01 -6.025024E-01
       699 -2.351669E-01 -1.760277E-01 -6.753897E-01
       700 -2.491802E-01 -1.661591E-01 -7.175250E-01
       701 -2.638401E-01 -1.764484E-01 -7.983994E-01
       702 -2.787844E-01 -1.678779E-01 -8.412740E-01
       703 -2.938726E-01 -1.794016E-01 -9.262585E-01
       704 -3.069414E-01 -1.715603E-01 -9.733903E-01
       705 -3.250808E-01 -1.849031E-01 -1.057697E+00
       706 -3.412144E-01 -1.754123E-01 -1.105395E+00
       707 -3.571049E-01 -1.888459E-01 -1.185526E+00
       708 -3.724074E-01 -1.784977E-01 -1.231831E+00
       709 -3.878553E-01 -1.920319E-01 -1.309595E+00
       710 -4.027878E-01 -1.815892E-01 -1.354531E+00
       711 -4.191105E-01 -1.953267E-01 -1.430392E+00
       712 -4.349681E-01 -1.847273E-01 -1.473980E+00
       713 -4.450913E-01 -1.987304E-01 -1.549261E+00
       714 -1.002538E-02 -1.839275E-01 -1.095604E-01
       715 -2.002280E-02 -1.736488E-01 -9.193783E-02
       716 -3.016279E-02 -1.842142E-01 -1.211077E-01
       717 -4.021553E-02 -1.740852E-01 -1.092078E-01
       718 -5.054927E-02 -1.847782E-01 -1.439848E-01
       719 -6.073177E-02 -1.747948E-01 -1.376741E-01
       720 -7.132771E-02 -1.856070E-01 -1.778181E-01
       721 -8.169952E-02 -1.757593E-01 -1.769609E-01
       722 -9.260379E-02 -1.866910E-01 -2.222045E-01
       723 -1.032145E-01 -1.769595E-01 -2.267325E-01
       724 -1.144542E-01 -1.880238E-01 -2.768761E-01
       725 -1.253557E-01 -1.783801E-01 -2.868270E-01
       726 -1.369517E-01 -1.896040E-01 -3.418239E-01
       727 -1.481954E-01 -1.800182E-01 -3.573481E-01
       728 -1.601909E-01 -1.914376E-01 -4.173568E-01
       729 -1.718642E-01 -1.818799E-01 -4.386686E-01
       730 -1.842457E-01 -1.935465E-01 -5.041221E-01
       731 -1.963845E-01 -1.839412E-01 -5.315031E-01
       732 -2.094799E-01 -1.959161E-01 -6.030963E-01
       733 -2.224085E-01 -1.862626E-01 -6.366320E-01
       734 -2.349837E-01 -1.987042E-01 -7.159443E-01
       735 -2.477553E-01 -1.883529E-01 -7.567250E-01
       736 -2.643053E-01 -2.022597E-01 -8.427644E-01
       737 -2.801116E-01 -1.907715E-01 -8.841445E-01
       738 -2.959866E-01 -2.056946E-01 -9.703152E-01
       739 -3.100979E-01 -1.947911E-01 -1.012665E+00
       740 -3.268041E-01 -2.090367E-01 -1.097651E+00
       741 -3.418145E-01 -1.989342E-01 -1.140651E+00
       742 -3.578772E-01 -2.126340E-01 -1.223311E+00
       743 -3.729401E-01 -2.023830E-01 -1.265768E+00
       744 -3.884661E-01 -2.162142E-01 -1.346224E+00
       745 -4.031297E-01 -2.058166E-01 -1.387818E+00
       746 -4.196185E-01 -2.197801E-01 -1.466365E+00
       747 -4.352899E-01 -2.092851E-01 -1.506927E+00
       748 -4.455717E-01 -2.234897E-01 -1.584772E+00
       749 -1.009181E-02 -2.051251E-01 -1.616839E-01
       750 -2.013417E-02 -1.945562E-01 -1.385980E-01
       751 -3.036659E-02 -2.054048E-01 -1.734147E-01
       752 -4.044218E-02 -1.949767E-01 -1.559226E-01
       753 -5.091541E-02 -2.059621E-01 -1.965734E-01
       754 -6.108687E-02 -1.956723E-01 -1.843967E-01
       755 -7.187377E-02 -2.067970E-01 -2.306244E-01
       756 -8.217541E-02 -1.966329E-01 -2.235443E-01
       757 -9.333608E-02 -2.078963E-01 -2.749860E-01
       758 -1.038048E-01 -1.978542E-01 -2.729525E-01
       759 -1.153643E-01 -2.092752E-01 -3.292703E-01
       760 -1.260301E-01 -1.993458E-01 -3.324537E-01
       761 -1.379958E-01 -2.109547E-01 -3.934635E-01
       762 -1.489176E-01 -2.011193E-01 -4.022331E-01
       763 -1.613034E-01 -2.129581E-01 -4.679957E-01
       764 -1.725833E-01 -2.031924E-01 -4.828403E-01
       765 -1.853711E-01 -2.153113E-01 -5.537323E-01
       766 -1.970487E-01 -2.056065E-01 -5.752684E-01
       767 -2.106039E-01 -2.181467E-01 -6.518545E-01
       768 -2.231181E-01 -2.084362E-01 -6.806570E-01
       769 -2.360989E-01 -2.214913E-01 -7.641000E-01
       770 -2.480026E-01 -2.118523E-01 -8.018689E-01
       771 -2.654818E-01 -2.251605E-01 -8.903686E-01
       772 -2.813367E-01 -2.155219E-01 -9.295857E-01
       773 -2.972593E-01 -2.290243E-01 -1.016926E+00
       774 -3.120416E-01 -2.192011E-01 -1.056498E+00
       775 -3.280148E-01 -2.330947E-01 -1.142817E+00
       776 -3.428771E-01 -2.228912E-01 -1.182366E+00
       777 -3.589403E-01 -2.368617E-01 -1.267039E+00
       778 -3.738205E-01 -2.265423E-01 -1.305922E+00
       779 -3.894091E-01 -2.405720E-01 -1.388741E+00
       780 -4.038474E-01 -2.302085E-01 -1.426992E+00
       781 -4.204687E-01 -2.443785E-01 -1.507944E+00
       782 -4.359479E-01 -2.339479E-01 -1.545409E+00
       783 -4.463688E-01 -2.483392E-01 -1.625611E+00
       784 -1.017667E-02 -2.270261E-01 -2.250553E-01
       785 -2.028942E-02 -2.160826E-01 -1.964385E-01
       786 -3.064259E-02 -2.273216E-01 -2.372876E-01
       787 -4.077527E-02 -2.165035E-01 -2.142303E-01
       788 -5.139936E-02 -2.278605E-01 -2.613347E-01
       789 -6.161539E-02 -2.171782E-01 -2.432933E-01
       790 -7.266723E-02 -2.286381E-01 -2.963417E-01
       791 -8.298634E-02 -2.181284E-01 -2.828549E-01
       792 -9.450936E-02 -2.297372E-01 -3.412034E-01
       793 -1.048810E-01 -2.193827E-01 -3.322354E-01
       794 -1.168780E-01 -2.311741E-01 -3.952648E-01
       795 -1.273427E-01 -2.209430E-01 -3.911511E-01
       796 -1.397881E-01 -2.329298E-01 -4.584634E-01
       797 -1.503956E-01 -2.228395E-01 -4.598224E-01
       798 -1.632946E-01 -2.350861E-01 -5.313026E-01
       799 -1.741606E-01 -2.251209E-01 -5.389706E-01
       800 -1.874337E-01 -2.377354E-01 -6.148923E-01
       801 -1.986499E-01 -2.278650E-01 -6.298200E-01
       802 -2.125502E-01 -2.407133E-01 -7.107517E-01
       803 -2.246319E-01 -2.310530E-01 -7.335373E-01
       804 -2.386039E-01 -2.449322E-01 -8.201061E-01
       805 -2.501506E-01 -2.356364E-01 -8.525362E-01
       806 -2.675402E-01 -2.514113E-01 -9.413882E-01
       807 -2.825996E-01 -2.404955E-01 -9.784387E-01
       808 -2.977192E-01 -2.556361E-01 -1.066249E+00
       809 -3.125341E-01 -2.437754E-01 -1.104512E+00
       810 -3.287697E-01 -2.575983E-01 -1.193324E+00
       811 -3.441260E-01 -2.470285E-01 -1.229494E+00
       812 -3.603664E-01 -2.610694E-01 -1.316486E+00
       813 -3.749409E-01 -2.509145E-01 -1.351871E+00
       814 -3.906746E-01 -2.651365E-01 -1.436840E+00
       815 -4.049092E-01 -2.547625E-01 -1.471780E+00
       816 -4.216522E-01 -2.691096E-01 -1.554877E+00
       817 -4.369287E-01 -2.587277E-01 -1.589259E+00
       818 -4.474803E-01 -2.732873E-01 -1.671602E+00
       819 -1.028085E-02 -2.497946E-01 -2.998250E-01
       820 -2.048864E-02 -2.384113E-01 -2.657693E-01
       821 -3.095147E-02 -2.501166E-01 -3.129513E-01
       822 -4.117980E-02 -2.388424E-01 -2.845778E-01
       823 -5.205019E-02 -2.507588E-01 -3.388057E-01
       824 -6.244166E-02 -2.396013E-01 -3.150727E-01
       825 -7.376985E-02 -2.518116E-01 -3.757521E-01
       826 -8.413521E-02 -2.406320E-01 -3.558484E-01
       827 -9.615017E-02 -2.529989E-01 -4.219150E-01
       828 -1.065219E-01 -2.419128E-01 -4.055983E-01
       829 -1.190834E-01 -2.544656E-01 -4.759223E-01
       830 -1.293766E-01 -2.435306E-01 -4.638643E-01
       831 -1.424652E-01 -2.562860E-01 -5.377667E-01
       832 -1.527711E-01 -2.455266E-01 -5.308616E-01
       833 -1.662218E-01 -2.584825E-01 -6.078879E-01
       834 -1.765668E-01 -2.478914E-01 -6.074980E-01
       835 -1.904262E-01 -2.609613E-01 -6.880412E-01
       836 -2.011919E-01 -2.507290E-01 -6.954296E-01
       837 -2.154655E-01 -2.642391E-01 -7.803248E-01
       838 -2.268795E-01 -2.541722E-01 -7.963850E-01
       839 -2.413431E-01 -2.674702E-01 -8.866287E-01
       840 -2.534697E-01 -2.581746E-01 -9.103485E-01
       841 -2.701239E-01 -2.695763E-01 -1.005247E+00
       842 -2.840831E-01 -2.624901E-01 -1.031724E+00
       843 -3.001011E-01 -2.740773E-01 -1.127176E+00
       844 -3.127459E-01 -2.669748E-01 -1.157922E+00
       845 -3.308961E-01 -2.809209E-01 -1.251168E+00
       846 -3.459486E-01 -2.713247E-01 -1.282830E+00
       847 -3.622478E-01 -2.857645E-01 -1.371806E+00
       848 -3.764471E-01 -2.754183E-01 -1.403416E+00
       849 -3.923503E-01 -2.898119E-01 -1.490219E+00
       850 -4.063284E-01 -2.794848E-01 -1.521876E+00
       851 -4.231709E-01 -2.940020E-01 -1.606818E+00
       852 -4.382306E-01 -2.836263E-01 -1.638215E+00
       853 -4.489037E-01 -2.983328E-01 -1.722475E+00
       854 -1.040614E-02 -2.736061E-01 -3.858032E-01
       855 -2.070397E-02 -2.617048E-01 -3.465856E-01
       856 -3.136345E-02 -2.741489E-01 -4.001285E-01
       857 -4.163282E-02 -2.623023E-01 -3.671212E-01
       858 -5.218828E-02 -2.744957E-01 -4.289604E-01
       859 -6.281852E-02 -2.626058E-01 -4.006367E-01
       860 -7.468003E-02 -2.740727E-01 -4.713754E-01
       861 -8.573037E-02 -2.632105E-01 -4.440666E-01
       862 -9.852340E-02 -2.750488E-01 -5.196824E-01
       863 -1.088018E-01 -2.646623E-01 -4.946837E-01
       864 -1.221460E-01 -2.767541E-01 -5.736683E-01
       865 -1.322935E-01 -2.663145E-01 -5.521808E-01
       866 -1.460960E-01 -2.783763E-01 -6.338564E-01
       867 -1.561405E-01 -2.682137E-01 -6.167733E-01
       868 -1.709134E-01 -2.808437E-01 -7.000570E-01
       869 -1.806926E-01 -2.711171E-01 -6.891071E-01
       870 -1.950103E-01 -2.849051E-01 -7.730012E-01
       871 -2.046208E-01 -2.745085E-01 -7.724078E-01
       872 -2.192615E-01 -2.883925E-01 -8.604841E-01
       873 -2.302873E-01 -2.779469E-01 -8.695071E-01
       874 -2.443667E-01 -2.921617E-01 -9.635423E-01
       875 -2.554714E-01 -2.815835E-01 -9.825859E-01
       876 -2.732427E-01 -2.972060E-01 -1.080964E+00
       877 -2.875670E-01 -2.855057E-01 -1.102714E+00
       878 -3.044752E-01 -3.018478E-01 -1.198640E+00
       879 -3.170848E-01 -2.908040E-01 -1.222865E+00
       880 -3.345399E-01 -3.061744E-01 -1.315838E+00
       881 -3.481799E-01 -2.959601E-01 -1.342366E+00
       882 -3.646541E-01 -3.106471E-01 -1.432372E+00
       883 -3.784864E-01 -3.002245E-01 -1.460264E+00
       884 -3.943760E-01 -3.149161E-01 -1.548183E+00
       885 -4.080478E-01 -3.044161E-01 -1.576830E+00
       886 -4.249671E-01 -3.190564E-01 -1.663263E+00
       887 -4.398505E-01 -3.086472E-01 -1.691905E+00
       888 -4.506356E-01 -3.234557E-01 -1.777879E+00
       889 -1.054496E-02 -2.983941E-01 -4.826317E-01
       890 -2.093036E-02 -2.860631E-01 -4.385033E-01
       891 -3.206377E-02 -2.991450E-01 -4.981081E-01
       892 -4.258555E-02 -2.870712E-01 -4.608229E-01
       893 -5.268462E-02 -3.009020E-01 -5.290777E-01
       894 -6.202578E-02 -2.881675E-01 -4.995826E-01
       895 -7.592723E-02 -3.033725E-01 -5.756566E-01
       896 -8.813276E-02 -2.894528E-01 -5.475035E-01
       897 -1.012967E-01 -3.053783E-01 -6.249706E-01
       898 -1.117365E-01 -2.912073E-01 -5.987393E-01
       899 -1.255325E-01 -3.071281E-01 -6.785141E-01
       900 -1.360581E-01 -2.928609E-01 -6.553053E-01
       901 -1.500066E-01 -3.086968E-01 -7.371040E-01
       902 -1.602182E-01 -2.944893E-01 -7.174587E-01
       903 -1.759912E-01 -3.101122E-01 -8.002043E-01
       904 -1.871976E-01 -2.967282E-01 -7.831942E-01
       905 -2.001990E-01 -3.113811E-01 -8.670774E-01
       906 -2.086581E-01 -2.995399E-01 -8.595792E-01
       907 -2.237555E-01 -3.139082E-01 -9.500588E-01
       908 -2.345001E-01 -3.027630E-01 -9.525017E-01
       909 -2.488970E-01 -3.176390E-01 -1.048525E+00
       910 -2.587463E-01 -3.072123E-01 -1.061995E+00
       911 -2.775676E-01 -3.222397E-01 -1.160963E+00
       912 -2.914835E-01 -3.120399E-01 -1.177926E+00
       913 -3.083910E-01 -3.269074E-01 -1.273153E+00
       914 -3.212764E-01 -3.165804E-01 -1.292709E+00
       915 -3.378937E-01 -3.314284E-01 -1.384847E+00
       916 -3.510165E-01 -3.209293E-01 -1.407108E+00
       917 -3.674383E-01 -3.355200E-01 -1.496805E+00
       918 -3.809118E-01 -3.251672E-01 -1.521353E+00
       919 -3.967743E-01 -3.397272E-01 -1.609795E+00
       920 -4.101992E-01 -3.294500E-01 -1.635888E+00
       921 -4.270904E-01 -3.441892E-01 -1.723491E+00
       922 -4.417266E-01 -3.337845E-01 -1.749864E+00
       923 -4.526228E-01 -3.486426E-01 -1.837438E+00
       924 -1.093682E-02 -3.249991E-01 -5.897589E-01
       925 -2.141256E-02 -3.119220E-01 -5.408899E-01
       926 -3.225773E-02 -3.254572E-01 -6.059053E-01
       927 -4.294568E-02 -3.125710E-01 -5.647306E-01
       928 -5.441533E-02 -3.261995E-01 -6.390744E-01
       929 -6.377973E-02 -3.150092E-01 -6.046810E-01
       930 -7.895830E-02 -3.303084E-01 -6.823600E-01
       931 -9.053005E-02 -3.182887E-01 -6.526584E-01
       932 -1.040339E-01 -3.332900E-01 -7.299337E-01
       933 -1.147763E-01 -3.202025E-01 -7.033167E-01
       934 -1.288130E-01 -3.349713E-01 -7.821479E-01
       935 -1.396298E-01 -3.218422E-01 -7.587303E-01
       936 -1.537772E-01 -3.365203E-01 -8.394711E-01
       937 -1.642705E-01 -3.232570E-01 -8.191837E-01
       938 -1.794926E-01 -3.370796E-01 -9.018287E-01
       939 -1.916704E-01 -3.236105E-01 -8.827500E-01
       940 -2.044030E-01 -3.362554E-01 -9.697984E-01
       941 -2.135186E-01 -3.245032E-01 -9.560924E-01
       942 -2.291653E-01 -3.377036E-01 -1.050065E+00
       943 -2.394981E-01 -3.274586E-01 -1.044600E+00
       944 -2.550235E-01 -3.417321E-01 -1.142795E+00
       945 -2.642863E-01 -3.323236E-01 -1.148000E+00
       946 -2.831481E-01 -3.480665E-01 -1.246078E+00
       947 -2.959398E-01 -3.376546E-01 -1.257510E+00
       948 -3.126873E-01 -3.528280E-01 -1.351491E+00
       949 -3.250845E-01 -3.419727E-01 -1.366231E+00
       950 -3.423294E-01 -3.573138E-01 -1.457039E+00
       951 -3.549435E-01 -3.468540E-01 -1.474766E+00
       952 -3.710348E-01 -3.634369E-01 -1.561790E+00
       953 -3.835242E-01 -3.517263E-01 -1.584897E+00
       954 -3.984349E-01 -3.675838E-01 -1.672179E+00
       955 -4.118300E-01 -3.552420E-01 -1.698024E+00
       956 -4.288845E-01 -3.698021E-01 -1.787312E+00
       957 -4.439425E-01 -3.589366E-01 -1.811608E+00
       958 -4.551381E-01 -3.737983E-01 -1.900894E+00
       959 -1.139449E-02 -3.495192E-01 -7.083308E-01
       960 -2.236913E-02 -3.376304E-01 -6.532945E-01
       961 -3.356228E-02 -3.513376E-01 -7.231878E-01
       962 -4.296494E-02 -3.395875E-01 -6.783424E-01
       963 -5.716772E-02 -3.559292E-01 -7.529364E-01
       964 -6.832923E-02 -3.429432E-01 -7.156827E-01
       965 -8.216478E-02 -3.588606E-01 -7.905556E-01
       966 -9.300877E-02 -3.460437E-01 -7.587812E-01
       967 -1.069348E-01 -3.609586E-01 -8.348891E-01
       968 -1.179393E-01 -3.480594E-01 -8.074331E-01
       969 -1.320986E-01 -3.627411E-01 -8.850534E-01
       970 -1.430186E-01 -3.496361E-01 -8.613968E-01
       971 -1.574620E-01 -3.640666E-01 -9.411495E-01
       972 -1.682978E-01 -3.508870E-01 -9.208982E-01
       973 -1.829576E-01 -3.651791E-01 -1.003378E+00
       974 -1.940768E-01 -3.513526E-01 -9.864629E-01
       975 -2.086177E-01 -3.665929E-01 -1.072952E+00
       976 -2.190631E-01 -3.522854E-01 -1.060563E+00
       977 -2.346188E-01 -3.685277E-01 -1.151229E+00
       978 -2.451068E-01 -3.548319E-01 -1.145270E+00
       979 -2.613552E-01 -3.713694E-01 -1.238747E+00
       980 -2.718087E-01 -3.590103E-01 -1.239884E+00
       981 -2.889976E-01 -3.747003E-01 -1.333507E+00
       982 -3.006309E-01 -3.636509E-01 -1.340481E+00
       983 -3.172493E-01 -3.785144E-01 -1.432737E+00
       984 -3.292524E-01 -3.675414E-01 -1.443498E+00
       985 -3.464413E-01 -3.815485E-01 -1.533752E+00
       986 -3.597878E-01 -3.711613E-01 -1.545169E+00
       987 -3.747718E-01 -3.827412E-01 -1.635345E+00
       988 -3.862999E-01 -3.749156E-01 -1.649891E+00
       989 -4.018749E-01 -3.867621E-01 -1.743099E+00
       990 -4.131361E-01 -3.793616E-01 -1.763266E+00
       991 -4.321119E-01 -3.936585E-01 -1.856004E+00
       992 -4.468764E-01 -3.839966E-01 -1.877522E+00
       993 -4.580340E-01 -3.988148E-01 -1.968186E+00
       994 -1.177636E-02 -3.841792E-01 -8.274733E-01
       995 -2.320261E-02 -3.675790E-01 -7.740549E-01
       996 -3.561119E-02 -3.852637E-01 -8.401046E-01
       997 -4.620325E-02 -3.699999E-01 -7.943281E-01
       998 -5.982857E-02 -3.869558E-01 -8.640760E-01
       999 -7.110180E-02 -3.729440E-01 -8.255249E-01
      1000 -8.459303E-02 -3.891333E-01 -8.975350E-01
      1001 -9.583163E-02 -3.751026E-01 -8.647625E-01
      1002 -1.098972E-01 -3.910979E-01 -9.385602E-01
      1003 -1.210749E-01 -3.770031E-01 -9.106295E-01
      1004 -1.354535E-01 -3.926482E-01 -9.864610E-01
      1005 -1.464988E-01 -3.784684E-01 -9.628252E-01
      1006 -1.612283E-01 -3.939260E-01 -1.040985E+00
      1007 -1.721721E-01 -3.796507E-01 -1.021383E+00
      1008 -1.871927E-01 -3.950431E-01 -1.102255E+00
      1009 -1.978910E-01 -3.808548E-01 -1.086751E+00
      1010 -2.133112E-01 -3.962890E-01 -1.170689E+00
      1011 -2.240307E-01 -3.824220E-01 -1.159826E+00
      1012 -2.397140E-01 -3.980560E-01 -1.246769E+00
      1013 -2.504790E-01 -3.846669E-01 -1.241220E+00
      1014 -2.665865E-01 -4.005352E-01 -1.330308E+00
      1015 -2.777544E-01 -3.876008E-01 -1.330236E+00
      1016 -2.940331E-01 -4.035755E-01 -1.420277E+00
      1017 -3.055290E-01 -3.909052E-01 -1.425012E+00
      1018 -3.220128E-01 -4.067730E-01 -1.515058E+00
      1019 -3.338236E-01 -3.943711E-01 -1.523325E+00
      1020 -3.501442E-01 -4.100011E-01 -1.613293E+00
      1021 -3.626855E-01 -3.970835E-01 -1.623992E+00
      1022 -3.784745E-01 -4.136432E-01 -1.714863E+00
      1023 -3.906190E-01 -4.000166E-01 -1.728178E+00
      1024 -4.069460E-01 -4.175118E-01 -1.820077E+00
      1025 -4.184396E-01 -4.049921E-01 -1.836734E+00
      1026 -4.366312E-01 -4.216556E-01 -1.928199E+00
      1027 -4.502102E-01 -4.102128E-01 -1.947066E+00
      1028 -4.620906E-01 -4.260349E-01 -2.038203E+00
      1029 -2.398238E-02 -3.941501E-01 -8.896857E-01
      1030 -4.839458E-02 -3.955229E-01 -9.068222E-01
      1031 -7.313153E-02 -3.973849E-01 -9.339890E-01
      1032 -9.852764E-02 -3.992763E-01 -9.696668E-01
      1033 -1.242558E-01 -4.008818E-01 -1.012860E+00
      1034 -1.502321E-01 -4.022082E-01 -1.063058E+00
      1035 -1.763546E-01 -4.033494E-01 -1.120119E+00
      1036 -2.026048E-01 -4.045055E-01 -1.184163E+00
      1037 -2.289904E-01 -4.059699E-01 -1.255417E+00
      1038 -2.556925E-01 -4.079812E-01 -1.333859E+00
      1039 -2.828167E-01 -4.105625E-01 -1.418935E+00
      1040 -3.104345E-01 -4.135230E-01 -1.509587E+00
      1041 -3.384239E-01 -4.165968E-01 -1.604667E+00
      1042 -3.664837E-01 -4.197841E-01 -1.703435E+00
      1043 -3.949384E-01 -4.234032E-01 -1.805745E+00
      1044 -4.232098E-01 -4.272580E-01 -1.911509E+00
      1045 -4.538828E-01 -4.321361E-01 -2.019291E+00
