
 displacements (vx,vy,vz) for set NSET_ALL and time  0.1000000E+01

         1  0.000000E+00  0.000000E+00  0.000000E+00
         2  0.000000E+00 -4.130738E-02 -1.497419E+00
         3 -3.103564E-02 -5.973559E-02 -2.160030E+00
         4  1.328280E-02  0.000000E+00 -8.807316E-01
         5  0.000000E+00  3.179639E-03 -8.137251E-03
         6  0.000000E+00  6.094452E-03 -3.174016E-02
         7  0.000000E+00  8.472374E-03 -7.075298E-02
         8  0.000000E+00  1.007717E-02 -1.247609E-01
         9  0.000000E+00  1.051969E-02 -1.927960E-01
        10  0.000000E+00  9.708093E-03 -2.731434E-01
        11  0.000000E+00  7.077455E-03 -3.610962E-01
        12  0.000000E+00  3.855416E-03 -4.522322E-01
        13  0.000000E+00  2.222993E-04 -5.451916E-01
        14  0.000000E+00 -3.532269E-03 -6.394999E-01
        15  0.000000E+00 -7.389727E-03 -7.352119E-01
        16  0.000000E+00 -1.132356E-02 -8.325505E-01
        17  0.000000E+00 -1.533957E-02 -9.319043E-01
        18  0.000000E+00 -1.929360E-02 -1.034247E+00
        19  0.000000E+00 -2.324264E-02 -1.141422E+00
        20  0.000000E+00 -2.722253E-02 -1.258462E+00
        21  0.000000E+00 -3.453850E-02 -1.379661E+00
        22  0.000000E+00  1.609492E-03 -1.801214E-03
        23  0.000000E+00  4.693533E-03 -1.754901E-02
        24  0.000000E+00  7.379628E-03 -4.892441E-02
        25  0.000000E+00  9.403284E-03 -9.550471E-02
        26  0.000000E+00  1.051665E-02 -1.567259E-01
        27  0.000000E+00  1.024084E-02 -2.313836E-01
        28  0.000000E+00  8.503145E-03 -3.158536E-01
        29  0.000000E+00  5.610126E-03 -4.058445E-01
        30  0.000000E+00  2.095057E-03 -4.980252E-01
        31  0.000000E+00 -1.602068E-03 -5.916854E-01
        32  0.000000E+00 -5.413990E-03 -6.866935E-01
        33  0.000000E+00 -9.312001E-03 -7.831943E-01
        34  0.000000E+00 -1.328968E-02 -8.814853E-01
        35  0.000000E+00 -1.730120E-02 -9.821590E-01
        36  0.000000E+00 -2.128326E-02 -1.086426E+00
        37  0.000000E+00 -2.444714E-02 -1.198289E+00
        38  0.000000E+00 -3.046527E-02 -1.319833E+00
        39  0.000000E+00 -3.808942E-02 -1.439007E+00
        40 -8.437933E-04 -4.162075E-02 -1.500402E+00
        41 -1.869287E-03 -4.249006E-02 -1.509122E+00
        42 -3.201971E-03 -4.374154E-02 -1.523046E+00
        43 -4.922311E-03 -4.514417E-02 -1.541388E+00
        44 -7.068946E-03 -4.643340E-02 -1.563268E+00
        45 -9.468713E-03 -4.738138E-02 -1.587949E+00
        46 -1.194098E-02 -4.789289E-02 -1.614999E+00
        47 -1.436631E-02 -4.799698E-02 -1.644332E+00
        48 -1.668707E-02 -4.775010E-02 -1.676057E+00
        49 -1.884152E-02 -4.718974E-02 -1.710494E+00
        50 -2.068629E-02 -4.641674E-02 -1.748200E+00
        51 -2.206442E-02 -4.573900E-02 -1.790097E+00
        52 -2.293476E-02 -4.565439E-02 -1.837343E+00
        53 -2.361250E-02 -4.663760E-02 -1.890884E+00
        54 -2.453690E-02 -4.887937E-02 -1.950993E+00
        55 -2.607912E-02 -5.214840E-02 -2.016961E+00
        56 -2.836891E-02 -5.592454E-02 -2.087300E+00
        57 -4.217124E-04 -4.120768E-02 -1.498346E+00
        58 -1.335233E-03 -4.177521E-02 -1.504224E+00
        59 -2.515980E-03 -4.281521E-02 -1.515600E+00
        60 -4.000717E-03 -4.424360E-02 -1.531800E+00
        61 -5.941887E-03 -4.581500E-02 -1.552029E+00
        62 -8.271878E-03 -4.701946E-02 -1.575350E+00
        63 -1.070182E-02 -4.771620E-02 -1.601234E+00
        64 -1.316103E-02 -4.801474E-02 -1.629427E+00
        65 -1.553932E-02 -4.793781E-02 -1.659935E+00
        66 -1.778865E-02 -4.752961E-02 -1.692973E+00
        67 -1.978678E-02 -4.686903E-02 -1.728979E+00
        68 -2.143992E-02 -4.603466E-02 -1.768698E+00
        69 -2.254978E-02 -4.542720E-02 -1.813141E+00
        70 -2.325494E-02 -4.577477E-02 -1.863498E+00
        71 -2.404848E-02 -4.738876E-02 -1.920341E+00
        72 -2.522276E-02 -5.024971E-02 -1.983463E+00
        73 -2.715182E-02 -5.400213E-02 -2.051804E+00
        74 -2.970173E-02 -5.786722E-02 -2.123551E+00
        75 -2.582025E-02 -5.233534E-02 -2.038799E+00
        76 -2.050467E-02 -4.539754E-02 -1.919742E+00
        77 -1.539535E-02 -3.933202E-02 -1.804345E+00
        78 -1.083039E-02 -3.407576E-02 -1.693872E+00
        79 -6.930404E-03 -2.945575E-02 -1.589191E+00
        80 -3.623341E-03 -2.530838E-02 -1.490764E+00
        81 -7.923877E-04 -2.156654E-02 -1.398849E+00
        82  1.657924E-03 -1.817795E-02 -1.313611E+00
        83  3.806307E-03 -1.511994E-02 -1.235209E+00
        84  5.707999E-03 -1.238039E-02 -1.163835E+00
        85  7.396814E-03 -9.953649E-03 -1.099730E+00
        86  8.887043E-03 -7.832601E-03 -1.043186E+00
        87  1.017826E-02 -6.002974E-03 -9.945347E-01
        88  1.126208E-02 -4.439483E-03 -9.541192E-01
        89  1.212753E-02 -3.106309E-03 -9.222706E-01
        90  1.276195E-02 -1.958899E-03 -8.992803E-01
        91  1.315123E-02 -9.443724E-04 -8.853823E-01
        92 -2.846859E-02 -5.602758E-02 -2.099284E+00
        93 -2.314878E-02 -4.878325E-02 -1.978981E+00
        94 -1.772756E-02 -4.226146E-02 -1.861593E+00
        95 -1.280675E-02 -3.664528E-02 -1.748569E+00
        96 -8.605879E-03 -3.170883E-02 -1.640937E+00
        97 -5.022005E-03 -2.733808E-02 -1.539346E+00
        98 -1.970076E-03 -2.339935E-02 -1.444154E+00
        99  6.555200E-04 -1.983780E-02 -1.355561E+00
       100  2.943355E-03 -1.661635E-02 -1.273724E+00
       101  4.959831E-03 -1.371856E-02 -1.198815E+00
       102  6.749324E-03 -1.113621E-02 -1.131050E+00
       103  8.335410E-03 -8.863411E-03 -1.070695E+00
       104  9.724564E-03 -6.890117E-03 -1.018066E+00
       105  1.091094E-02 -5.197011E-03 -9.735002E-01
       106  1.188554E-02 -3.751809E-03 -9.373385E-01
       107  1.263632E-02 -2.516957E-03 -9.098937E-01
       108  1.314740E-02 -1.442418E-03 -8.914317E-01
       109  1.340757E-02 -4.686071E-04 -8.821481E-01
       110  1.881725E-02  0.000000E+00 -7.742446E-01
       111  2.471439E-02  0.000000E+00 -6.640734E-01
       112  2.692373E-02  0.000000E+00 -5.592425E-01
       113  2.766752E-02  0.000000E+00 -4.692659E-01
       114  2.760896E-02  0.000000E+00 -3.924166E-01
       115  2.698442E-02  0.000000E+00 -3.266405E-01
       116  2.588701E-02  0.000000E+00 -2.701039E-01
       117  2.445619E-02  0.000000E+00 -2.213595E-01
       118  2.277080E-02  0.000000E+00 -1.790778E-01
       119  2.092690E-02  0.000000E+00 -1.420171E-01
       120  1.886595E-02  0.000000E+00 -1.094702E-01
       121  1.660413E-02  0.000000E+00 -8.121216E-02
       122  1.415917E-02  0.000000E+00 -5.712820E-02
       123  1.156046E-02  0.000000E+00 -3.715214E-02
       124  8.820497E-03  0.000000E+00 -2.131128E-02
       125  5.959146E-03  0.000000E+00 -9.737724E-03
       126  3.004129E-03  0.000000E+00 -2.635963E-03
       127  1.583952E-02  0.000000E+00 -8.281398E-01
       128  2.224659E-02  0.000000E+00 -7.199577E-01
       129  2.661526E-02  0.000000E+00 -6.096183E-01
       130  2.731899E-02  0.000000E+00 -5.122546E-01
       131  2.771254E-02  0.000000E+00 -4.290917E-01
       132  2.735789E-02  0.000000E+00 -3.580775E-01
       133  2.653819E-02  0.000000E+00 -2.970271E-01
       134  2.519273E-02  0.000000E+00 -2.445255E-01
       135  2.366039E-02  0.000000E+00 -1.991672E-01
       136  2.188362E-02  0.000000E+00 -1.595797E-01
       137  1.992136E-02  0.000000E+00 -1.248227E-01
       138  1.777150E-02  0.000000E+00 -9.442991E-02
       139  1.540770E-02  0.000000E+00 -6.825267E-02
       140  1.288430E-02  0.000000E+00 -4.621823E-02
       141  1.021377E-02  0.000000E+00 -2.828590E-02
       142  7.406108E-03  0.000000E+00 -1.455804E-02
       143  4.492484E-03  0.000000E+00 -5.169713E-03
       144  1.506517E-03  0.000000E+00 -4.256828E-04
       145  2.995852E-03  3.186291E-03 -1.057261E-02
       146  5.938424E-03  3.204029E-03 -1.778668E-02
       147  8.779171E-03  3.231169E-03 -2.951410E-02
       148  1.149062E-02  3.258184E-03 -4.553074E-02
       149  1.405148E-02  3.271542E-03 -6.563338E-02
       150  1.647737E-02  3.281422E-03 -8.982133E-02
       151  1.870746E-02  3.296655E-03 -1.182264E-01
       152  2.071803E-02  3.291528E-03 -1.508716E-01
       153  2.249449E-02  3.236770E-03 -1.878398E-01
       154  2.412725E-02  3.104714E-03 -2.297937E-01
       155  2.552929E-02  2.872519E-03 -2.780340E-01
       156  2.671779E-02  2.780509E-03 -3.343707E-01
       157  2.715560E-02  2.412029E-03 -3.995232E-01
       158  2.737986E-02  1.747351E-03 -4.753995E-01
       159  2.668185E-02  1.188329E-03 -5.648375E-01
       160  2.452139E-02  4.986569E-04 -6.692606E-01
       161  1.866176E-02 -2.329624E-04 -7.791395E-01
       162  2.973967E-03  6.105822E-03 -3.430512E-02
       163  5.889367E-03  6.146744E-03 -4.187090E-02
       164  8.665956E-03  6.204741E-03 -5.415722E-02
       165  1.127962E-02  6.245552E-03 -7.072037E-02
       166  1.372069E-02  6.258401E-03 -9.118228E-02
       167  1.607727E-02  6.260591E-03 -1.156329E-01
       168  1.822423E-02  6.256723E-03 -1.444139E-01
       169  2.019756E-02  6.441302E-03 -1.777619E-01
       170  2.155891E-02  6.342963E-03 -2.145050E-01
       171  2.312887E-02  5.880790E-03 -2.550215E-01
       172  2.465108E-02  5.526943E-03 -3.019159E-01
       173  2.588314E-02  5.181913E-03 -3.576685E-01
       174  2.579210E-02  4.465622E-03 -4.208873E-01
       175  2.631476E-02  3.353749E-03 -4.936988E-01
       176  2.600264E-02  2.205376E-03 -5.813706E-01
       177  2.396339E-02  8.808387E-04 -6.847069E-01
       178  1.820446E-02 -5.541501E-04 -7.937454E-01
       179  2.952949E-03  8.493230E-03 -7.356900E-02
       180  5.825877E-03  8.553003E-03 -8.187600E-02
       181  8.481613E-03  8.607500E-03 -9.520414E-02
       182  1.100775E-02  8.821588E-03 -1.130793E-01
       183  1.303660E-02  8.805028E-03 -1.340528E-01
       184  1.537138E-02  8.570609E-03 -1.583668E-01
       185  1.761555E-02  8.586958E-03 -1.878943E-01
       186  1.953730E-02  8.894399E-03 -2.234207E-01
       187  1.982667E-02  8.927698E-03 -2.601871E-01
       188  2.123046E-02  8.390142E-03 -2.975538E-01
       189  2.275671E-02  7.420198E-03 -3.406112E-01
       190  2.418764E-02  6.053681E-03 -3.924024E-01
       191  2.431028E-02  5.081207E-03 -4.523587E-01
       192  2.506686E-02  4.283503E-03 -5.226171E-01
       193  2.495661E-02  2.933970E-03 -6.083117E-01
       194  2.308777E-02  1.045165E-03 -7.100846E-01
       195  1.746556E-02 -1.041690E-03 -8.178476E-01
       196  2.952113E-03  1.009504E-02 -1.280251E-01
       197  5.742521E-03  1.013275E-02 -1.374953E-01
       198  8.422403E-03  1.020696E-02 -1.526437E-01
       199  1.082796E-02  1.052182E-02 -1.734371E-01
       200  1.173856E-02  1.043661E-02 -1.949197E-01
       201  1.409853E-02  9.947292E-03 -2.175216E-01
       202  1.663149E-02  9.634990E-03 -2.470522E-01
       203  1.867535E-02  9.430782E-03 -2.846792E-01
       204  1.813069E-02  9.635621E-03 -3.228038E-01
       205  1.872663E-02  9.744567E-03 -3.578661E-01
       206  1.950772E-02  8.918496E-03 -3.944083E-01
       207  2.150812E-02  7.450743E-03 -4.379282E-01
       208  2.278640E-02  6.314560E-03 -4.932186E-01
       209  2.369177E-02  5.160251E-03 -5.615345E-01
       210  2.359291E-02  3.334772E-03 -6.451504E-01
       211  2.192954E-02  9.299700E-04 -7.449986E-01
       212  1.646849E-02 -1.761993E-03 -8.511396E-01
       213  3.057583E-03  1.069734E-02 -1.970850E-01
       214  5.599927E-03  1.082589E-02 -2.084626E-01
       215  8.220512E-03  1.061805E-02 -2.255778E-01
       216  1.033407E-02  1.013910E-02 -2.487792E-01
       217  1.028294E-02  9.967321E-03 -2.706511E-01
       218  1.247582E-02  1.006952E-02 -2.917121E-01
       219  1.501166E-02  9.782850E-03 -3.202284E-01
       220  1.704146E-02  8.824479E-03 -3.571807E-01
       221  1.649106E-02  8.184935E-03 -3.953882E-01
       222  1.619104E-02  8.240306E-03 -4.290499E-01
       223  1.627397E-02  8.325411E-03 -4.600784E-01
       224  1.848847E-02  7.952380E-03 -4.961164E-01
       225  2.060809E-02  6.883042E-03 -5.458435E-01
       226  2.173144E-02  5.414250E-03 -6.106526E-01
       227  2.194373E-02  3.317303E-03 -6.914244E-01
       228  2.050783E-02  4.628745E-04 -7.890216E-01
       229  1.523550E-02 -2.768864E-03 -8.932525E-01
       230  3.646993E-03  9.969820E-03 -2.799247E-01
       231  5.535454E-03  1.013958E-02 -2.950450E-01
       232  7.346300E-03  9.722090E-03 -3.136055E-01
       233  9.022301E-03  8.659033E-03 -3.361744E-01
       234  9.250329E-03  8.403062E-03 -3.582818E-01
       235  1.097728E-02  8.905347E-03 -3.803522E-01
       236  1.274251E-02  8.611475E-03 -4.075779E-01
       237  1.419861E-02  7.402169E-03 -4.403145E-01
       238  1.406509E-02  6.313549E-03 -4.742451E-01
       239  1.391268E-02  6.321389E-03 -5.053387E-01
       240  1.386223E-02  7.213920E-03 -5.340614E-01
       241  1.529523E-02  7.514040E-03 -5.652171E-01
       242  1.784603E-02  6.560134E-03 -6.085060E-01
       243  1.951474E-02  5.086538E-03 -6.689047E-01
       244  2.003579E-02  2.816698E-03 -7.465329E-01
       245  1.885458E-02 -4.071510E-04 -8.416317E-01
       246  1.378732E-02 -4.104323E-03 -9.437712E-01
       247  4.188735E-03  6.769685E-03 -3.702361E-01
       248  5.375018E-03  6.103373E-03 -3.887858E-01
       249  6.360882E-03  5.458150E-03 -4.084303E-01
       250  7.518333E-03  4.709432E-03 -4.297676E-01
       251  8.258977E-03  4.386283E-03 -4.519566E-01
       252  9.401552E-03  4.444564E-03 -4.752691E-01
       253  1.036447E-02  4.260493E-03 -5.010339E-01
       254  1.122821E-02  3.818997E-03 -5.292048E-01
       255  1.147860E-02  3.543353E-03 -5.581904E-01
       256  1.169324E-02  3.838994E-03 -5.864479E-01
       257  1.166079E-02  4.658185E-03 -6.138150E-01
       258  1.214972E-02  5.394487E-03 -6.412944E-01
       259  1.501888E-02  5.260725E-03 -6.788680E-01
       260  1.714626E-02  4.097270E-03 -7.351586E-01
       261  1.794034E-02  1.777252E-03 -8.096885E-01
       262  1.701008E-02 -1.712552E-03 -9.022678E-01
       263  1.214345E-02 -5.797634E-03 -1.002259E+00
       264  4.169491E-03  3.187601E-03 -4.621930E-01
       265  4.974514E-03  2.050638E-03 -4.820774E-01
       266  5.621930E-03  1.217326E-03 -5.024530E-01
       267  6.350799E-03  6.112970E-04 -5.237133E-01
       268  7.030961E-03  2.361169E-04 -5.458965E-01
       269  7.738209E-03  5.994907E-05 -5.691456E-01
       270  8.385562E-03  1.341320E-05 -5.936843E-01
       271  8.902208E-03  8.457519E-05 -6.193459E-01
       272  9.182889E-03  3.730003E-04 -6.454514E-01
       273  9.329135E-03  9.755532E-04 -6.712886E-01
       274  9.308382E-03  1.874059E-03 -6.965518E-01
       275  9.468029E-03  2.995253E-03 -7.211827E-01
       276  1.245781E-02  3.477871E-03 -7.552182E-01
       277  1.471694E-02  2.533113E-03 -8.083756E-01
       278  1.572350E-02  2.272467E-04 -8.801770E-01
       279  1.499978E-02 -3.462019E-03 -9.704066E-01
       280  1.031364E-02 -7.864460E-03 -1.068304E+00
       281  3.991741E-03 -5.231251E-04 -5.554194E-01
       282  4.534364E-03 -1.825852E-03 -5.758761E-01
       283  4.880824E-03 -2.807285E-03 -5.967168E-01
       284  5.316409E-03 -3.507480E-03 -6.181893E-01
       285  5.743569E-03 -3.929670E-03 -6.403799E-01
       286  6.169336E-03 -4.091094E-03 -6.633317E-01
       287  6.545813E-03 -4.023070E-03 -6.870269E-01
       288  6.834217E-03 -3.724532E-03 -7.112564E-01
       289  6.991225E-03 -3.150531E-03 -7.356157E-01
       290  7.041651E-03 -2.259590E-03 -7.596593E-01
       291  6.925331E-03 -1.061624E-03 -7.830479E-01
       292  6.971470E-03  3.963562E-04 -8.055418E-01
       293  9.930933E-03  1.198949E-03 -8.371976E-01
       294  1.225218E-02  4.590003E-04 -8.879579E-01
       295  1.339067E-02 -1.815266E-03 -9.575070E-01
       296  1.282187E-02 -5.658293E-03 -1.045636E+00
       297  8.288709E-03 -1.031494E-02 -1.141561E+00
       298  3.764058E-03 -4.335688E-03 -6.498641E-01
       299  4.051473E-03 -5.762934E-03 -6.706320E-01
       300  4.130544E-03 -6.860912E-03 -6.917970E-01
       301  4.299820E-03 -7.644189E-03 -7.135036E-01
       302  4.475518E-03 -8.118803E-03 -7.357916E-01
       303  4.648595E-03 -8.287747E-03 -7.586229E-01
       304  4.789552E-03 -8.150555E-03 -7.818780E-01
       305  4.872256E-03 -7.698614E-03 -8.053379E-01
       306  4.870733E-03 -6.916466E-03 -8.286912E-01
       307  4.788104E-03 -5.794547E-03 -8.515867E-01
       308  4.553348E-03 -4.342313E-03 -8.736901E-01
       309  4.486747E-03 -2.588527E-03 -8.947042E-01
       310  7.382679E-03 -1.510643E-03 -9.246908E-01
       311  9.704061E-03 -2.088003E-03 -9.736786E-01
       312  1.090310E-02 -4.340025E-03 -1.041405E+00
       313  1.044253E-02 -8.306682E-03 -1.127692E+00
       314  6.034313E-03 -1.316124E-02 -1.221778E+00
       315  3.506219E-03 -8.235981E-03 -7.456454E-01
       316  3.535687E-03 -9.762158E-03 -7.665952E-01
       317  3.360715E-03 -1.097043E-02 -7.880110E-01
       318  3.279929E-03 -1.185078E-02 -8.099929E-01
       319  3.209424E-03 -1.239247E-02 -8.325177E-01
       320  3.142600E-03 -1.258557E-02 -8.554710E-01
       321  3.057851E-03 -1.241977E-02 -8.786738E-01
       322  2.937356E-03 -1.188317E-02 -9.018958E-01
       323  2.758530E-03 -1.096523E-02 -9.248549E-01
       324  2.518994E-03 -9.663604E-03 -9.472274E-01
       325  2.140847E-03 -7.991683E-03 -9.686697E-01
       326  1.941191E-03 -5.981045E-03 -9.888465E-01
       327  4.729878E-03 -4.672960E-03 -1.017788E+00
       328  6.991883E-03 -5.119782E-03 -1.065520E+00
       329  8.191640E-03 -7.356712E-03 -1.131791E+00
       330  7.795498E-03 -1.142616E-02 -1.216451E+00
       331  3.488736E-03 -1.642587E-02 -1.308797E+00
       332  3.214226E-03 -1.222120E-02 -8.429781E-01
       333  2.979268E-03 -1.386147E-02 -8.639644E-01
       334  2.561704E-03 -1.518798E-02 -8.855519E-01
       335  2.245754E-03 -1.616931E-02 -9.078712E-01
       336  1.930453E-03 -1.679070E-02 -9.308187E-01
       337  1.620920E-03 -1.703711E-02 -9.541664E-01
       338  1.304636E-03 -1.688708E-02 -9.776803E-01
       339  9.720290E-04 -1.631881E-02 -1.001125E+00
       340  6.007261E-04 -1.532032E-02 -1.024238E+00
       341  1.840734E-04 -1.389115E-02 -1.046705E+00
       342 -3.646043E-04 -1.204556E-02 -1.068152E+00
       343 -7.340301E-04 -9.817242E-03 -1.088163E+00
       344  1.893848E-03 -8.312586E-03 -1.116673E+00
       345  4.027298E-03 -8.655641E-03 -1.163630E+00
       346  5.161105E-03 -1.089027E-02 -1.228750E+00
       347  4.784210E-03 -1.505101E-02 -1.311919E+00
       348  5.617367E-04 -2.014615E-02 -1.402536E+00
       349  2.860790E-03 -1.628747E-02 -9.421724E-01
       350  2.358942E-03 -1.804394E-02 -9.628836E-01
       351  1.733840E-03 -1.950558E-02 -9.844752E-01
       352  1.209327E-03 -2.061860E-02 -1.007217E+00
       353  6.409915E-04 -2.135149E-02 -1.030833E+00
       354  6.408095E-05 -2.167922E-02 -1.054878E+00
       355 -5.106987E-04 -2.158151E-02 -1.079030E+00
       356 -1.072568E-03 -2.103190E-02 -1.103099E+00
       357 -1.654064E-03 -2.000820E-02 -1.126878E+00
       358 -2.267818E-03 -1.850700E-02 -1.150072E+00
       359 -3.014451E-03 -1.653553E-02 -1.172259E+00
       360 -3.596175E-03 -1.412442E-02 -1.192888E+00
       361 -1.203244E-03 -1.245017E-02 -1.221670E+00
       362  7.089465E-04 -1.271522E-02 -1.268345E+00
       363  1.691783E-03 -1.497030E-02 -1.332546E+00
       364  1.281666E-03 -1.922907E-02 -1.414217E+00
       365 -2.861995E-03 -2.438463E-02 -1.502961E+00
       366  2.328436E-03 -2.046543E-02 -1.043710E+00
       367  1.657038E-03 -2.250712E-02 -1.063219E+00
       368  8.542726E-04 -2.412692E-02 -1.084423E+00
       369  2.491494E-04 -2.525296E-02 -1.107924E+00
       370 -6.926566E-04 -2.599737E-02 -1.132750E+00
       371 -1.562428E-03 -2.649301E-02 -1.157712E+00
       372 -2.427854E-03 -2.651070E-02 -1.182743E+00
       373 -3.246207E-03 -2.603232E-02 -1.207753E+00
       374 -4.057357E-03 -2.504155E-02 -1.232660E+00
       375 -4.877503E-03 -2.352484E-02 -1.257239E+00
       376 -5.840070E-03 -2.148150E-02 -1.281056E+00
       377 -6.681102E-03 -1.894273E-02 -1.303325E+00
       378 -4.625307E-03 -1.714408E-02 -1.333303E+00
       379 -3.075773E-03 -1.736426E-02 -1.380270E+00
       380 -2.367896E-03 -1.966610E-02 -1.443655E+00
       381 -2.871424E-03 -2.402762E-02 -1.523568E+00
       382 -6.927202E-03 -2.921125E-02 -1.610029E+00
       383  1.206363E-03 -2.454018E-02 -1.148461E+00
       384  6.625062E-04 -2.679966E-02 -1.164446E+00
       385  1.383436E-04 -2.853252E-02 -1.184615E+00
       386 -3.670670E-04 -2.986720E-02 -1.209701E+00
       387 -1.914754E-03 -3.085220E-02 -1.236712E+00
       388 -3.325667E-03 -3.149250E-02 -1.262776E+00
       389 -4.497327E-03 -3.166974E-02 -1.288694E+00
       390 -5.603973E-03 -3.131021E-02 -1.314831E+00
       391 -6.666912E-03 -3.041582E-02 -1.341242E+00
       392 -7.698957E-03 -2.897290E-02 -1.367859E+00
       393 -8.894310E-03 -2.698475E-02 -1.394313E+00
       394 -9.952654E-03 -2.428401E-02 -1.419856E+00
       395 -8.474253E-03 -2.231267E-02 -1.452558E+00
       396 -7.456065E-03 -2.256539E-02 -1.500469E+00
       397 -7.163261E-03 -2.490591E-02 -1.563018E+00
       398 -7.894460E-03 -2.948334E-02 -1.640270E+00
       399 -1.171116E-02 -3.479086E-02 -1.723432E+00
       400  1.634640E-05 -2.796769E-02 -1.263010E+00
       401 -4.687582E-04 -2.949626E-02 -1.275173E+00
       402 -1.004866E-03 -3.129323E-02 -1.293278E+00
       403 -1.724139E-03 -3.358889E-02 -1.317259E+00
       404 -3.539359E-03 -3.561002E-02 -1.343813E+00
       405 -5.263648E-03 -3.667059E-02 -1.370007E+00
       406 -6.768374E-03 -3.702169E-02 -1.396559E+00
       407 -8.205634E-03 -3.681729E-02 -1.423838E+00
       408 -9.564463E-03 -3.608426E-02 -1.451992E+00
       409 -1.084276E-02 -3.482821E-02 -1.481137E+00
       410 -1.208482E-02 -3.300127E-02 -1.511391E+00
       411 -1.315703E-02 -3.038127E-02 -1.542942E+00
       412 -1.272560E-02 -2.846961E-02 -1.581022E+00
       413 -1.259393E-02 -2.880185E-02 -1.630781E+00
       414 -1.300578E-02 -3.121048E-02 -1.692128E+00
       415 -1.418568E-02 -3.584436E-02 -1.764626E+00
       416 -1.732674E-02 -4.112202E-02 -1.842408E+00
       417 -5.878313E-04 -3.492758E-02 -1.383169E+00
       418 -1.357334E-03 -3.599770E-02 -1.393282E+00
       419 -2.423166E-03 -3.748743E-02 -1.409060E+00
       420 -3.701253E-03 -3.936374E-02 -1.429656E+00
       421 -5.491240E-03 -4.105340E-02 -1.453384E+00
       422 -7.343847E-03 -4.203729E-02 -1.478788E+00
       423 -9.254510E-03 -4.249296E-02 -1.505666E+00
       424 -1.111015E-02 -4.244267E-02 -1.534007E+00
       425 -1.286529E-02 -4.193550E-02 -1.563975E+00
       426 -1.448176E-02 -4.099224E-02 -1.595812E+00
       427 -1.582668E-02 -3.971743E-02 -1.630069E+00
       428 -1.691930E-02 -3.820222E-02 -1.667762E+00
       429 -1.746502E-02 -3.735176E-02 -1.711363E+00
       430 -1.809522E-02 -3.806343E-02 -1.763185E+00
       431 -1.908881E-02 -4.031114E-02 -1.823574E+00
       432 -2.065228E-02 -4.407987E-02 -1.891682E+00
       433 -2.311713E-02 -4.841535E-02 -1.964547E+00
       434  1.501767E-03  3.186463E-03 -8.274911E-03
       435  3.003415E-03  1.612532E-03 -4.147955E-03
       436  4.478890E-03  3.199485E-03 -1.318176E-02
       437  5.955707E-03  1.620694E-03 -1.133598E-02
       438  7.378914E-03  3.223478E-03 -2.267257E-02
       439  8.815124E-03  1.635259E-03 -2.293408E-02
       440  1.015271E-02  3.247006E-03 -3.658064E-02
       441  1.154394E-02  1.643453E-03 -3.882879E-02
       442  1.279511E-02  3.258340E-03 -5.465535E-02
       443  1.414431E-02  1.651169E-03 -5.884589E-02
       444  1.529697E-02  3.277660E-03 -7.680911E-02
       445  1.657848E-02  1.663314E-03 -8.297222E-02
       446  1.761714E-02  3.284214E-03 -1.031027E-01
       447  1.883409E-02  1.663746E-03 -1.112796E-01
       448  1.977081E-02  3.324325E-03 -1.336466E-01
       449  2.089318E-02  1.682310E-03 -1.438573E-01
       450  2.163636E-02  3.331637E-03 -1.684657E-01
       451  2.270318E-02  1.651529E-03 -1.809148E-01
       452  2.331223E-02  3.182804E-03 -2.077706E-01
       453  2.437031E-02  1.547561E-03 -2.231423E-01
       454  2.491360E-02  3.006080E-03 -2.527156E-01
       455  2.584111E-02  1.490606E-03 -2.717975E-01
       456  2.610757E-02  2.768347E-03 -3.048943E-01
       457  2.681789E-02  1.278249E-03 -3.282867E-01
       458  2.700585E-02  2.293802E-03 -3.652951E-01
       459  2.760074E-02  1.091221E-03 -3.939424E-01
       460  2.745491E-02  2.026941E-03 -4.357502E-01
       461  2.763772E-02  9.263971E-04 -4.706066E-01
       462  2.700331E-02  1.516717E-03 -5.181133E-01
       463  2.654340E-02  5.968928E-04 -5.603532E-01
       464  2.640770E-02  8.564437E-04 -6.149847E-01
       465  2.630361E-02  2.580483E-04 -6.655840E-01
       466  2.207313E-02  1.264281E-04 -7.249891E-01
       467  1.836024E-02 -1.125369E-04 -7.757337E-01
       468  1.569738E-02 -5.912911E-04 -8.329074E-01
       469  1.492831E-03  6.106526E-03 -3.196996E-02
       470  2.989179E-03  4.704770E-03 -2.006366E-02
       471  4.447520E-03  6.135947E-03 -3.705057E-02
       472  5.917948E-03  4.734887E-03 -2.740096E-02
       473  7.293039E-03  6.177041E-03 -4.702503E-02
       474  8.732921E-03  4.772436E-03 -3.935728E-02
       475  1.001485E-02  6.259724E-03 -6.151248E-02
       476  1.142142E-02  4.822643E-03 -5.559498E-02
       477  1.252292E-02  6.323862E-03 -8.008847E-02
       478  1.391240E-02  4.841359E-03 -7.586504E-02
       479  1.490063E-02  6.287602E-03 -1.024839E-01
       480  1.630845E-02  4.825545E-03 -1.001868E-01
       481  1.721824E-02  6.281837E-03 -1.290871E-01
       482  1.854808E-02  4.874083E-03 -1.287830E-01
       483  1.919822E-02  6.302327E-03 -1.602475E-01
       484  2.037482E-02  4.827872E-03 -1.616411E-01
       485  2.092253E-02  6.144376E-03 -1.951881E-01
       486  2.225650E-02  4.750624E-03 -1.985252E-01
       487  2.244568E-02  6.184851E-03 -2.338810E-01
       488  2.371353E-02  4.626376E-03 -2.399816E-01
       489  2.375904E-02  5.677951E-03 -2.772336E-01
       490  2.512417E-02  4.189475E-03 -2.877820E-01
       491  2.573365E-02  5.703317E-03 -3.281592E-01
       492  2.672225E-02  4.455436E-03 -3.437402E-01
       493  2.582496E-02  6.480840E-03 -3.889569E-01
       494  2.625370E-02  3.908644E-03 -4.080684E-01
       495  2.578431E-02  4.257494E-03 -4.551665E-01
       496  2.704632E-02  2.522286E-03 -4.829610E-01
       497  2.629592E-02  2.659733E-03 -5.353849E-01
       498  2.603653E-02  1.752227E-03 -5.714692E-01
       499  2.577349E-02  1.602466E-03 -6.309259E-01
       500  2.593233E-02  7.026171E-04 -6.759234E-01
       501  2.157690E-02  1.441367E-04 -7.399865E-01
       502  1.805059E-02 -3.795899E-04 -7.855016E-01
       503  1.527644E-02 -1.258996E-03 -8.471454E-01
       504  1.479518E-03  8.496113E-03 -7.104002E-02
       505  2.963316E-03  7.394482E-03 -5.158759E-02
       506  4.400439E-03  8.518180E-03 -7.663228E-02
       507  5.847540E-03  7.432651E-03 -5.947094E-02
       508  7.207269E-03  8.601388E-03 -8.752487E-02
       509  8.617820E-03  7.525305E-03 -7.222219E-02
       510  9.731764E-03  8.671238E-03 -1.032804E-01
       511  1.103665E-02  7.533743E-03 -8.928240E-02
       512  1.203950E-02  8.554810E-03 -1.226184E-01
       513  1.355536E-02  7.531242E-03 -1.100055E-01
       514  1.427314E-02  8.658385E-03 -1.453153E-01
       515  1.575251E-02  7.565099E-03 -1.345271E-01
       516  1.640729E-02  8.469590E-03 -1.720329E-01
       517  1.793300E-02  7.477809E-03 -1.637431E-01
       518  1.902578E-02  9.036556E-03 -2.045413E-01
       519  2.013367E-02  8.127217E-03 -1.977613E-01
       520  1.965062E-02  1.026020E-02 -2.422948E-01
       521  2.048281E-02  7.997741E-03 -2.344087E-01
       522  2.016192E-02  8.638203E-03 -2.777329E-01
       523  2.238165E-02  6.995053E-03 -2.738478E-01
       524  2.203415E-02  7.651644E-03 -3.177520E-01
       525  2.356707E-02  6.503957E-03 -3.189167E-01
       526  2.394168E-02  6.440109E-03 -3.648622E-01
       527  2.672974E-02  5.664410E-03 -3.744330E-01
       528  2.422438E-02  3.879311E-03 -4.218640E-01
       529  2.335903E-02  4.795987E-03 -4.360011E-01
       530  2.442597E-02  4.417044E-03 -4.852600E-01
       531  2.615434E-02  3.876191E-03 -5.065321E-01
       532  2.515171E-02  3.822864E-03 -5.632594E-01
       533  2.511435E-02  2.614112E-03 -5.933037E-01
       534  2.481691E-02  2.032549E-03 -6.570357E-01
       535  2.522383E-02  9.907124E-04 -6.963714E-01
       536  2.077631E-02 -7.720815E-06 -7.646929E-01
       537  1.744841E-02 -7.786984E-04 -8.048857E-01
       538  1.459421E-02 -2.078091E-03 -8.706719E-01
       539  1.500571E-03  1.009083E-02 -1.251630E-01
       540  2.961906E-03  9.434481E-03 -9.851741E-02
       541  4.395110E-03  1.021276E-02 -1.316322E-01
       542  5.795532E-03  9.516536E-03 -1.073327E-01
       543  7.024680E-03  1.016473E-02 -1.439765E-01
       544  8.431938E-03  9.529022E-03 -1.215691E-01
       545  1.000679E-02  1.072058E-02 -1.619699E-01
       546  1.111991E-02  1.015391E-02 -1.404609E-01
       547  1.126511E-02  1.184594E-02 -1.845851E-01
       548  1.226187E-02  1.010366E-02 -1.616917E-01
       549  1.261198E-02  1.054325E-02 -2.050592E-01
       550  1.490068E-02  9.402471E-03 -1.856777E-01
       551  1.529279E-02  9.835714E-03 -2.309907E-01
       552  1.681231E-02  9.278871E-03 -2.151098E-01
       553  1.839043E-02  9.511091E-03 -2.643495E-01
       554  2.095151E-02  9.548656E-03 -2.527471E-01
       555  1.862939E-02  9.275650E-03 -3.050303E-01
       556  1.729411E-02  9.971228E-03 -2.897461E-01
       557  1.801714E-02  1.128959E-02 -3.400491E-01
       558  2.046452E-02  9.790635E-03 -3.248317E-01
       559  1.898821E-02  1.100769E-02 -3.759316E-01
       560  2.093806E-02  8.660721E-03 -3.652962E-01
       561  2.017999E-02  8.508770E-03 -4.144748E-01
       562  2.328472E-02  6.436776E-03 -4.131196E-01
       563  2.228493E-02  7.181187E-03 -4.636140E-01
       564  2.329640E-02  5.389021E-03 -4.708197E-01
       565  2.342848E-02  5.861710E-03 -5.254051E-01
       566  2.456888E-02  4.847607E-03 -5.406496E-01
       567  2.363376E-02  4.281730E-03 -6.011389E-01
       568  2.395526E-02  3.169861E-03 -6.252158E-01
       569  2.357999E-02  2.223176E-03 -6.928683E-01
       570  2.419365E-02  1.027622E-03 -7.265659E-01
       571  1.970056E-02 -4.353468E-04 -7.987597E-01
       572  1.658144E-02 -1.378368E-03 -8.336182E-01
       573  1.366908E-02 -3.102248E-03 -9.032186E-01
       574  1.487837E-03  1.061950E-02 -1.935862E-01
       575  2.878714E-03  1.048124E-02 -1.603427E-01
       576  4.377685E-03  1.049025E-02 -2.014555E-01
       577  5.797507E-03  1.050312E-02 -1.706579E-01
       578  6.736883E-03  1.041961E-02 -2.157685E-01
       579  7.931987E-03  1.038515E-02 -1.866500E-01
       580  1.013440E-02  1.012251E-02 -2.357278E-01
       581  1.260430E-02  1.070156E-02 -2.096901E-01
       582  1.026412E-02  9.546459E-03 -2.612991E-01
       583  9.013777E-03  1.058017E-02 -2.313021E-01
       584  1.060340E-02  9.772647E-03 -2.796039E-01
       585  1.384820E-02  9.969590E-03 -2.522984E-01
       586  1.383962E-02  9.630614E-03 -3.045113E-01
       587  1.538705E-02  9.767859E-03 -2.814631E-01
       588  1.661801E-02  9.130505E-03 -3.370339E-01
       589  1.991558E-02  9.050791E-03 -3.194499E-01
       590  1.732828E-02  8.399607E-03 -3.771642E-01
       591  1.659952E-02  9.144962E-03 -3.584855E-01
       592  1.637670E-02  7.880754E-03 -4.128565E-01
       593  1.791488E-02  9.676798E-03 -3.933318E-01
       594  1.554263E-02  7.840045E-03 -4.452252E-01
       595  1.620835E-02  8.827468E-03 -4.261724E-01
       596  1.686491E-02  7.940800E-03 -4.758162E-01
       597  2.035580E-02  7.819617E-03 -4.651824E-01
       598  1.983883E-02  7.399343E-03 -5.189918E-01
       599  2.179225E-02  6.857812E-03 -5.179467E-01
       600  2.123758E-02  6.230535E-03 -5.760760E-01
       601  2.282158E-02  5.325890E-03 -5.846708E-01
       602  2.188722E-02  4.475945E-03 -6.487308E-01
       603  2.247955E-02  3.408220E-03 -6.668357E-01
       604  2.204125E-02  2.001606E-03 -7.379609E-01
       605  2.289637E-02  7.349111E-04 -7.660865E-01
       606  1.838369E-02 -1.170855E-03 -8.417832E-01
       607  1.546756E-02 -2.235443E-03 -8.713627E-01
       608  1.251680E-02 -4.385567E-03 -9.444564E-01
       609  2.211159E-03  9.951478E-03 -2.744581E-01
       610  3.476252E-03  1.084757E-02 -2.364601E-01
       611  4.910507E-03  1.157543E-02 -2.870134E-01
       612  5.659032E-03  1.128176E-02 -2.493466E-01
       613  6.307741E-03  1.184853E-02 -3.038537E-01
       614  7.424333E-03  1.103097E-02 -2.671247E-01
       615  8.554679E-03  1.062908E-02 -3.243210E-01
       616  1.169634E-02  9.716082E-03 -2.909937E-01
       617  9.111133E-03  8.757352E-03 -3.479224E-01
       618  7.784683E-03  9.503477E-03 -3.129216E-01
       619  9.788051E-03  1.010369E-02 -3.686584E-01
       620  1.224424E-02  1.034035E-02 -3.336991E-01
       621  1.187812E-02  1.071110E-02 -3.933232E-01
       622  1.354610E-02  9.973277E-03 -3.616336E-01
       623  1.379130E-02  9.539974E-03 -4.232240E-01
       624  1.720067E-02  8.570850E-03 -3.973443E-01
       625  1.439436E-02  6.919666E-03 -4.578114E-01
       626  1.503009E-02  7.243178E-03 -4.342347E-01
       627  1.394293E-02  6.068268E-03 -4.901803E-01
       628  1.540347E-02  7.092398E-03 -4.667614E-01
       629  1.368323E-02  7.054432E-03 -5.201213E-01
       630  1.344104E-02  8.100119E-03 -4.957220E-01
       631  1.400838E-02  8.825548E-03 -5.487551E-01
       632  1.713343E-02  8.182863E-03 -5.289013E-01
       633  1.642607E-02  7.444553E-03 -5.844659E-01
       634  1.917242E-02  6.762991E-03 -5.758730E-01
       635  1.890563E-02  5.819707E-03 -6.363106E-01
       636  2.074094E-02  5.364590E-03 -6.384755E-01
       637  1.980550E-02  4.092282E-03 -7.053055E-01
       638  2.068399E-02  3.142885E-03 -7.176177E-01
       639  2.027309E-02  1.333676E-03 -7.917461E-01
       640  2.135729E-02  7.523215E-05 -8.144591E-01
       641  1.684217E-02 -2.271327E-03 -8.933005E-01
       642  1.412680E-02 -3.404330E-03 -9.177252E-01
       643  1.115439E-02 -5.964983E-03 -9.940137E-01
       644  2.906783E-03  7.079050E-03 -3.628892E-01
       645  5.394278E-03  8.743274E-03 -3.247049E-01
       646  5.369341E-03  6.061056E-03 -3.795735E-01
       647  5.161395E-03  8.681198E-03 -3.422558E-01
       648  5.737359E-03  5.361586E-03 -3.984929E-01
       649  6.867416E-03  8.160589E-03 -3.613671E-01
       650  6.927587E-03  4.754027E-03 -4.190366E-01
       651  8.401631E-03  6.991011E-03 -3.828925E-01
       652  7.882965E-03  4.434776E-03 -4.407197E-01
       653  8.597955E-03  6.699332E-03 -4.050528E-01
       654  8.864168E-03  4.095661E-03 -4.635038E-01
       655  1.020637E-02  7.233354E-03 -4.282458E-01
       656  9.892224E-03  3.955653E-03 -4.879364E-01
       657  1.148139E-02  6.983876E-03 -4.547286E-01
       658  1.079657E-02  3.712928E-03 -5.150480E-01
       659  1.283544E-02  5.900950E-03 -4.847380E-01
       660  1.136513E-02  3.598063E-03 -5.437510E-01
       661  1.272368E-02  4.980035E-03 -5.157620E-01
       662  1.156946E-02  3.660548E-03 -5.725267E-01
       663  1.276912E-02  5.133309E-03 -5.454038E-01
       664  1.184678E-02  4.135722E-03 -6.002832E-01
       665  1.291798E-02  6.242787E-03 -5.739446E-01
       666  1.129481E-02  4.711552E-03 -6.277642E-01
       667  1.218296E-02  6.795769E-03 -6.028424E-01
       668  1.303535E-02  5.461751E-03 -6.573386E-01
       669  1.673949E-02  5.978079E-03 -6.424822E-01
       670  1.641635E-02  4.865695E-03 -7.044578E-01
       671  1.835342E-02  4.693121E-03 -7.009040E-01
       672  1.756561E-02  3.093073E-03 -7.699083E-01
       673  1.869065E-02  2.378585E-03 -7.768330E-01
       674  1.831338E-02  1.971282E-04 -8.535771E-01
       675  1.960407E-02 -1.010214E-03 -8.711426E-01
       676  1.510745E-02 -3.767425E-03 -9.528188E-01
       677  1.258209E-02 -4.917004E-03 -9.722745E-01
       678  9.594734E-03 -7.866957E-03 -1.051503E+00
       679  2.839900E-03  3.708122E-03 -4.543589E-01
       680  5.899721E-03  4.932687E-03 -4.159067E-01
       681  5.144105E-03  2.624702E-03 -4.721355E-01
       682  4.814532E-03  3.900226E-03 -4.354923E-01
       683  5.165725E-03  1.686990E-03 -4.922089E-01
       684  6.098860E-03  3.149350E-03 -4.554983E-01
       685  6.025657E-03  9.256455E-04 -5.130085E-01
       686  6.774080E-03  2.603528E-03 -4.767330E-01
       687  6.683521E-03  3.961548E-04 -5.347543E-01
       688  7.778608E-03  2.252533E-03 -4.989318E-01
       689  7.369164E-03  1.664106E-04 -5.574253E-01
       690  8.507305E-03  2.057781E-03 -5.223040E-01
       691  8.071321E-03  1.058000E-04 -5.813181E-01
       692  9.388772E-03  1.949454E-03 -5.474256E-01
       693  8.673613E-03  7.838098E-05 -6.064845E-01
       694  9.907895E-03  1.883614E-03 -5.741641E-01
       695  9.077343E-03  1.851570E-04 -6.324934E-01
       696  1.037029E-02  2.000815E-03 -6.015447E-01
       697  9.241317E-03  5.955679E-04 -6.585401E-01
       698  1.038141E-02  2.453380E-03 -6.285123E-01
       699  9.439033E-03  1.398888E-03 -6.841304E-01
       700  1.094883E-02  3.178687E-03 -6.549527E-01
       701  8.779381E-03  2.456183E-03 -7.090422E-01
       702  8.987833E-03  4.133148E-03 -6.806060E-01
       703  1.045939E-02  3.456303E-03 -7.355192E-01
       704  1.410045E-02  4.480156E-03 -7.160086E-01
       705  1.388226E-02  3.182973E-03 -7.791947E-01
       706  1.592640E-02  3.387776E-03 -7.707331E-01
       707  1.524686E-02  1.568967E-03 -8.417035E-01
       708  1.653559E-02  1.089697E-03 -8.437271E-01
       709  1.620082E-02 -1.427246E-03 -9.228466E-01
       710  1.767658E-02 -2.538274E-03 -9.355795E-01
       711  1.319593E-02 -5.670932E-03 -1.019877E+00
       712  1.084787E-02 -6.796026E-03 -1.034581E+00
       713  7.842482E-03 -1.010808E-02 -1.116557E+00
       714  2.779466E-03  6.415202E-05 -5.473937E-01
       715  5.678502E-03  1.363886E-03 -5.085309E-01
       716  4.854964E-03 -1.246470E-03 -5.656663E-01
       717  4.430418E-03  1.234505E-04 -5.289750E-01
       718  4.576193E-03 -2.388220E-03 -5.862945E-01
       719  5.314492E-03 -7.832638E-04 -5.495552E-01
       720  5.114449E-03 -3.218624E-03 -6.074286E-01
       721  5.826121E-03 -1.451455E-03 -5.709313E-01
       722  5.522424E-03 -3.768467E-03 -6.292557E-01
       723  6.371588E-03 -1.850054E-03 -5.931129E-01
       724  5.962190E-03 -4.067839E-03 -6.518339E-01
       725  6.943742E-03 -2.005687E-03 -6.162162E-01
       726  6.363409E-03 -4.120766E-03 -6.751821E-01
       727  7.447955E-03 -1.991406E-03 -6.402928E-01
       728  6.697120E-03 -3.935504E-03 -6.991900E-01
       729  7.854373E-03 -1.806039E-03 -6.651449E-01
       730  6.928533E-03 -3.490178E-03 -7.235471E-01
       731  8.084081E-03 -1.373323E-03 -6.902816E-01
       732  7.002509E-03 -2.755585E-03 -7.478060E-01
       733  8.107944E-03 -6.197048E-04 -7.151365E-01
       734  7.126297E-03 -1.716321E-03 -7.715861E-01
       735  8.438262E-03  4.389677E-04 -7.394952E-01
       736  6.336379E-03 -3.915073E-04 -7.945339E-01
       737  6.562000E-03  1.755598E-03 -7.626753E-01
       738  7.913797E-03  1.006348E-03 -8.187007E-01
       739  1.152816E-02  2.412755E-03 -7.952082E-01
       740  1.138625E-02  1.042735E-03 -8.599586E-01
       741  1.349749E-02  1.573431E-03 -8.471742E-01
       742  1.284320E-02 -4.635584E-04 -9.201391E-01
       743  1.426154E-02 -7.083538E-04 -9.176827E-01
       744  1.394467E-02 -3.522070E-03 -9.991037E-01
       745  1.558767E-02 -4.510109E-03 -1.007297E+00
       746  1.110072E-02 -7.990932E-03 -1.094101E+00
       747  8.925884E-03 -9.054145E-03 -1.104264E+00
       748  5.885934E-03 -1.269792E-02 -1.188857E+00
       749  2.662301E-03 -3.710454E-03 -6.417560E-01
       750  5.488505E-03 -2.418577E-03 -6.023745E-01
       751  4.498960E-03 -5.101868E-03 -6.602633E-01
       752  3.963363E-03 -3.811746E-03 -6.232216E-01
       753  3.960471E-03 -6.361961E-03 -6.812221E-01
       754  4.574144E-03 -4.848712E-03 -6.441846E-01
       755  4.235194E-03 -7.303353E-03 -7.026473E-01
       756  4.785561E-03 -5.586985E-03 -6.657883E-01
       757  4.378888E-03 -7.934549E-03 -7.246497E-01
       758  5.113779E-03 -6.034318E-03 -6.880141E-01
       759  4.561735E-03 -8.255020E-03 -7.472227E-01
       760  5.400057E-03 -6.202364E-03 -7.108864E-01
       761  4.722289E-03 -8.269745E-03 -7.702928E-01
       762  5.661016E-03 -6.094774E-03 -7.343195E-01
       763  4.837336E-03 -7.978378E-03 -7.936920E-01
       764  5.835309E-03 -5.706635E-03 -7.580985E-01
       765  4.886485E-03 -7.366119E-03 -8.171520E-01
       766  5.940000E-03 -5.016035E-03 -7.818875E-01
       767  4.813104E-03 -6.415569E-03 -8.403288E-01
       768  5.839930E-03 -4.001890E-03 -8.052702E-01
       769  4.807950E-03 -5.124870E-03 -8.628901E-01
       770  6.086317E-03 -2.682836E-03 -8.280333E-01
       771  3.907381E-03 -3.513591E-03 -8.844560E-01
       772  4.062227E-03 -1.048987E-03 -8.494117E-01
       773  5.395777E-03 -1.823594E-03 -9.070469E-01
       774  9.004440E-03 -7.394386E-05 -8.799390E-01
       775  8.828780E-03 -1.570591E-03 -9.465756E-01
       776  1.100150E-02 -7.373825E-04 -9.298395E-01
       777  1.031961E-02 -2.980503E-03 -1.004950E+00
       778  1.185835E-02 -2.989726E-03 -9.983156E-01
       779  1.150757E-02 -6.088827E-03 -1.082078E+00
       780  1.331820E-02 -6.930533E-03 -1.085956E+00
       781  8.787878E-03 -1.073801E-02 -1.175231E+00
       782  6.795005E-03 -1.170129E-02 -1.181023E+00
       783  3.691033E-03 -1.564753E-02 -1.268158E+00
       784  2.533509E-03 -7.579446E-03 -7.374996E-01
       785  5.238816E-03 -6.274387E-03 -6.974791E-01
       786  4.111444E-03 -9.056817E-03 -7.561358E-01
       787  3.465467E-03 -7.772079E-03 -7.185632E-01
       788  3.316484E-03 -1.042858E-02 -7.773133E-01
       789  3.813206E-03 -8.919971E-03 -7.398080E-01
       790  3.339336E-03 -1.147249E-02 -7.990064E-01
       791  3.776844E-03 -9.752379E-03 -7.616637E-01
       792  3.236283E-03 -1.218159E-02 -8.212734E-01
       793  3.842163E-03 -1.025757E-02 -7.840496E-01
       794  3.175216E-03 -1.254952E-02 -8.440347E-01
       795  3.892820E-03 -1.043506E-02 -8.069146E-01
       796  3.101301E-03 -1.256561E-02 -8.671430E-01
       797  3.921945E-03 -1.027849E-02 -8.301029E-01
       798  3.000274E-03 -1.221611E-02 -8.903937E-01
       799  3.901302E-03 -9.777944E-03 -8.533893E-01
       800  2.859792E-03 -1.148958E-02 -9.135310E-01
       801  3.829497E-03 -8.921606E-03 -8.764884E-01
       802  2.621547E-03 -1.037899E-02 -9.362467E-01
       803  3.587723E-03 -7.701926E-03 -8.990372E-01
       804  2.468476E-03 -8.890544E-03 -9.582198E-01
       805  3.695890E-03 -6.140129E-03 -9.208205E-01
       806  1.427793E-03 -7.042915E-03 -9.790424E-01
       807  1.562926E-03 -4.229397E-03 -9.410427E-01
       808  2.790778E-03 -5.090951E-03 -1.000692E+00
       809  6.413435E-03 -3.007135E-03 -9.702172E-01
       810  6.141243E-03 -4.653167E-03 -1.039068E+00
       811  8.383415E-03 -3.523942E-03 -1.018610E+00
       812  7.601300E-03 -5.989182E-03 -1.096085E+00
       813  9.270277E-03 -5.756633E-03 -1.085455E+00
       814  8.822839E-03 -9.141622E-03 -1.171664E+00
       815  1.081836E-02 -9.811114E-03 -1.171363E+00
       816  6.193520E-03 -1.393440E-02 -1.263125E+00
       817  4.407373E-03 -1.475406E-02 -1.264651E+00
       818  1.199221E-03 -1.897561E-02 -1.354282E+00
       819  2.391256E-03 -1.152699E-02 -8.348461E-01
       820  4.971987E-03 -1.021439E-02 -7.940186E-01
       821  3.686978E-03 -1.307683E-02 -8.534975E-01
       822  2.928836E-03 -1.181307E-02 -8.152209E-01
       823  2.636875E-03 -1.455998E-02 -8.747718E-01
       824  3.031148E-03 -1.307328E-02 -8.366809E-01
       825  2.418648E-03 -1.572294E-02 -8.967162E-01
       826  2.742264E-03 -1.400832E-02 -8.588363E-01
       827  2.076059E-03 -1.654254E-02 -9.193642E-01
       828  2.573812E-03 -1.459174E-02 -8.815423E-01
       829  1.776966E-03 -1.698338E-02 -9.425412E-01
       830  2.381842E-03 -1.480719E-02 -9.046621E-01
       831  1.462405E-03 -1.703218E-02 -9.660071E-01
       832  2.185625E-03 -1.464435E-02 -9.279817E-01
       833  1.139325E-03 -1.667428E-02 -9.895219E-01
       834  1.956924E-03 -1.408531E-02 -9.512663E-01
       835  7.967756E-04 -1.589199E-02 -1.012844E+00
       836  1.702225E-03 -1.312088E-02 -9.742501E-01
       837  3.743749E-04 -1.467779E-02 -1.035685E+00
       838  1.292706E-03 -1.174742E-02 -9.965840E-01
       839  4.792529E-05 -1.303867E-02 -1.057714E+00
       840  1.245824E-03 -9.990142E-03 -1.018032E+00
       841 -1.160746E-03 -1.099335E-02 -1.078467E+00
       842 -1.039049E-03 -7.840616E-03 -1.037746E+00
       843  3.499971E-05 -8.813822E-03 -1.099832E+00
       844  3.680025E-03 -6.401738E-03 -1.066176E+00
       845  3.235700E-03 -8.222520E-03 -1.137612E+00
       846  5.558243E-03 -6.802556E-03 -1.113555E+00
       847  4.595871E-03 -9.505387E-03 -1.193665E+00
       848  6.414435E-03 -9.024658E-03 -1.179104E+00
       849  5.791772E-03 -1.270578E-02 -1.267912E+00
       850  8.004950E-03 -1.317746E-02 -1.263462E+00
       851  3.222233E-03 -1.761746E-02 -1.357745E+00
       852  1.687535E-03 -1.824214E-02 -1.355032E+00
       853 -1.673427E-03 -2.271743E-02 -1.447107E+00
       854  2.185847E-03 -1.556528E-02 -9.341731E-01
       855  4.637439E-03 -1.426407E-02 -8.922419E-01
       856  3.177964E-03 -1.729195E-02 -9.525157E-01
       857  2.348310E-03 -1.599212E-02 -9.133634E-01
       858  1.906902E-03 -1.894486E-02 -9.736051E-01
       859  2.212439E-03 -1.737895E-02 -9.349265E-01
       860  1.505471E-03 -2.020131E-02 -9.957745E-01
       861  1.726298E-03 -1.840924E-02 -9.574531E-01
       862  9.325037E-04 -2.106028E-02 -1.019041E+00
       863  1.284616E-03 -1.906623E-02 -9.806907E-01
       864  3.422534E-04 -2.157007E-02 -1.042920E+00
       865  8.458655E-04 -1.935364E-02 -1.004350E+00
       866 -2.257488E-04 -2.170294E-02 -1.067042E+00
       867  4.073979E-04 -1.922351E-02 -1.028151E+00
       868 -7.934032E-04 -2.138371E-02 -1.091182E+00
       869 -4.133527E-05 -1.865810E-02 -1.051867E+00
       870 -1.354369E-03 -2.059895E-02 -1.115144E+00
       871 -4.970107E-04 -1.764077E-02 -1.075264E+00
       872 -1.978748E-03 -1.933547E-02 -1.138681E+00
       873 -1.094123E-03 -1.616707E-02 -1.098006E+00
       874 -2.498332E-03 -1.759600E-02 -1.161457E+00
       875 -1.324266E-03 -1.425856E-02 -1.119813E+00
       876 -3.916352E-03 -1.540069E-02 -1.182911E+00
       877 -3.805276E-03 -1.191189E-02 -1.139731E+00
       878 -2.944864E-03 -1.304146E-02 -1.204741E+00
       879  7.252283E-04 -1.029269E-02 -1.168063E+00
       880  2.700532E-05 -1.232940E-02 -1.242534E+00
       881  2.431536E-03 -1.060160E-02 -1.214907E+00
       882  1.189424E-03 -1.358430E-02 -1.297986E+00
       883  3.181519E-03 -1.283233E-02 -1.279431E+00
       884  2.295007E-03 -1.684277E-02 -1.371007E+00
       885  4.773660E-03 -1.707548E-02 -1.362314E+00
       886 -2.442183E-04 -2.184488E-02 -1.459132E+00
       887 -1.469428E-03 -2.221359E-02 -1.452114E+00
       888 -5.036424E-03 -2.692760E-02 -1.546530E+00
       889  1.977565E-03 -1.952713E-02 -1.036228E+00
       890  4.318143E-03 -1.827189E-02 -9.925658E-01
       891  2.574107E-03 -2.116348E-02 -1.053621E+00
       892  1.653927E-03 -2.011101E-02 -1.013071E+00
       893  1.117422E-03 -2.291373E-02 -1.073806E+00
       894  1.399077E-03 -2.163823E-02 -1.034481E+00
       895  5.358510E-04 -2.439304E-02 -1.096190E+00
       896  5.808375E-04 -2.285852E-02 -1.057523E+00
       897 -2.659049E-04 -2.565280E-02 -1.120297E+00
       898  6.566824E-06 -2.370244E-02 -1.081622E+00
       899 -1.105144E-03 -2.635604E-02 -1.145296E+00
       900 -7.530230E-04 -2.407593E-02 -1.106116E+00
       901 -2.007239E-03 -2.658032E-02 -1.170319E+00
       902 -1.451541E-03 -2.403783E-02 -1.130685E+00
       903 -2.841121E-03 -2.635621E-02 -1.195346E+00
       904 -2.143917E-03 -2.351553E-02 -1.155199E+00
       905 -3.645430E-03 -2.562214E-02 -1.220330E+00
       906 -2.817702E-03 -2.250158E-02 -1.179501E+00
       907 -4.484959E-03 -2.436987E-02 -1.245120E+00
       908 -3.618493E-03 -2.098168E-02 -1.203296E+00
       909 -5.220437E-03 -2.260164E-02 -1.269408E+00
       910 -4.060421E-03 -1.897723E-02 -1.226265E+00
       911 -6.850090E-03 -2.028407E-02 -1.292543E+00
       912 -6.757168E-03 -1.645463E-02 -1.247269E+00
       913 -6.176772E-03 -1.771251E-02 -1.315895E+00
       914 -2.528669E-03 -1.466724E-02 -1.276296E+00
       915 -3.589499E-03 -1.688868E-02 -1.354474E+00
       916 -1.103811E-03 -1.491961E-02 -1.323126E+00
       917 -2.741831E-03 -1.814602E-02 -1.409666E+00
       918 -5.582142E-04 -1.717782E-02 -1.386804E+00
       919 -1.850610E-03 -2.150963E-02 -1.481357E+00
       920  9.517046E-04 -2.154005E-02 -1.468095E+00
       921 -4.378997E-03 -2.667642E-02 -1.567360E+00
       922 -5.190001E-03 -2.674138E-02 -1.555864E+00
       923 -9.009514E-03 -3.170630E-02 -1.652381E+00
       924  9.899301E-04 -2.403279E-02 -1.142789E+00
       925  3.246474E-03 -2.294758E-02 -1.095500E+00
       926  1.250686E-03 -2.750626E-02 -1.155619E+00
       927  8.804505E-04 -2.541574E-02 -1.113933E+00
       928  2.390343E-04 -2.991445E-02 -1.173581E+00
       929  5.049068E-04 -2.712084E-02 -1.134648E+00
       930  2.137268E-04 -3.100197E-02 -1.196042E+00
       931  1.872818E-04 -2.793928E-02 -1.158768E+00
       932 -8.629267E-04 -3.064524E-02 -1.223573E+00
       933 -1.337678E-03 -2.837176E-02 -1.184464E+00
       934 -2.738304E-03 -3.112727E-02 -1.249913E+00
       935 -2.407335E-03 -2.900783E-02 -1.210054E+00
       936 -3.910517E-03 -3.168482E-02 -1.275807E+00
       937 -3.443945E-03 -2.907888E-02 -1.235544E+00
       938 -5.063094E-03 -3.157312E-02 -1.301819E+00
       939 -4.400793E-03 -2.866079E-02 -1.261106E+00
       940 -6.130939E-03 -3.095186E-02 -1.328099E+00
       941 -5.312943E-03 -2.770710E-02 -1.286741E+00
       942 -7.207745E-03 -2.978668E-02 -1.354640E+00
       943 -6.336282E-03 -2.622149E-02 -1.312249E+00
       944 -8.128967E-03 -2.804847E-02 -1.381279E+00
       945 -6.966849E-03 -2.417250E-02 -1.337353E+00
       946 -1.004456E-02 -2.575687E-02 -1.407467E+00
       947 -1.005421E-02 -2.160343E-02 -1.360679E+00
       948 -9.758878E-03 -2.332328E-02 -1.433765E+00
       949 -6.123227E-03 -1.976836E-02 -1.391542E+00
       950 -7.671197E-03 -2.250262E-02 -1.474292E+00
       951 -5.166593E-03 -1.997263E-02 -1.438993E+00
       952 -7.375882E-03 -2.379680E-02 -1.529534E+00
       953 -4.987162E-03 -2.231409E-02 -1.501842E+00
       954 -6.738884E-03 -2.721843E-02 -1.599371E+00
       955 -3.492537E-03 -2.673443E-02 -1.581065E+00
       956 -9.261053E-03 -3.226096E-02 -1.682458E+00
       957 -9.637487E-03 -3.190822E-02 -1.666158E+00
       958 -1.370758E-02 -3.714845E-02 -1.764271E+00
       959 -2.841101E-05 -2.579955E-02 -1.259855E+00
       960  7.401549E-04 -2.575074E-02 -1.203559E+00
       961 -2.049418E-04 -2.668886E-02 -1.268310E+00
       962  1.527717E-04 -2.788441E-02 -1.217211E+00
       963 -7.971284E-04 -2.819129E-02 -1.283587E+00
       964 -6.542950E-04 -2.961652E-02 -1.236297E+00
       965 -1.044902E-03 -3.057040E-02 -1.304451E+00
       966  3.943173E-04 -3.159067E-02 -1.262119E+00
       967 -2.344239E-03 -3.455655E-02 -1.330864E+00
       968 -2.991002E-03 -3.322772E-02 -1.290113E+00
       969 -4.517169E-03 -3.638448E-02 -1.356982E+00
       970 -4.217366E-03 -3.407570E-02 -1.316207E+00
       971 -6.013545E-03 -3.692669E-02 -1.383291E+00
       972 -5.619996E-03 -3.434720E-02 -1.342512E+00
       973 -7.500313E-03 -3.701368E-02 -1.410178E+00
       974 -6.869706E-03 -3.406142E-02 -1.369220E+00
       975 -8.889013E-03 -3.654145E-02 -1.437884E+00
       976 -8.057059E-03 -3.324363E-02 -1.396498E+00
       977 -1.022216E-02 -3.553084E-02 -1.466530E+00
       978 -9.280547E-03 -3.186327E-02 -1.424322E+00
       979 -1.140058E-02 -3.410764E-02 -1.496218E+00
       980 -1.012229E-02 -2.999014E-02 -1.452725E+00
       981 -1.292923E-02 -3.159870E-02 -1.527125E+00
       982 -1.300588E-02 -2.694131E-02 -1.480481E+00
       983 -1.320596E-02 -2.769898E-02 -1.560652E+00
       984 -1.018927E-02 -2.459213E-02 -1.515185E+00
       985 -1.252372E-02 -2.662885E-02 -1.604623E+00
       986 -9.907840E-03 -2.494397E-02 -1.564084E+00
       987 -1.280915E-02 -2.799957E-02 -1.660200E+00
       988 -1.024957E-02 -2.724638E-02 -1.625875E+00
       989 -1.320449E-02 -3.180344E-02 -1.727180E+00
       990 -9.422809E-03 -3.225661E-02 -1.701568E+00
       991 -1.547604E-02 -3.840655E-02 -1.803677E+00
       992 -1.481433E-02 -3.792278E-02 -1.782554E+00
       993 -1.898642E-02 -4.349129E-02 -1.881278E+00
       994 -2.645122E-04 -3.502822E-02 -1.380710E+00
       995 -4.261888E-04 -3.087557E-02 -1.323735E+00
       996 -9.454492E-04 -3.585593E-02 -1.387625E+00
       997 -9.199480E-04 -3.208176E-02 -1.334720E+00
       998 -1.843803E-03 -3.722841E-02 -1.400674E+00
       999 -1.820154E-03 -3.369450E-02 -1.351678E+00
      1000 -3.080883E-03 -3.885880E-02 -1.419041E+00
      1001 -2.487969E-03 -3.614248E-02 -1.373634E+00
      1002 -4.619995E-03 -4.031522E-02 -1.441263E+00
      1003 -4.572501E-03 -3.836944E-02 -1.398460E+00
      1004 -6.382869E-03 -4.159774E-02 -1.465964E+00
      1005 -6.275044E-03 -3.934704E-02 -1.424351E+00
      1006 -8.307343E-03 -4.235683E-02 -1.492118E+00
      1007 -7.989083E-03 -3.978010E-02 -1.451088E+00
      1008 -1.018909E-02 -4.254923E-02 -1.519712E+00
      1009 -9.614085E-03 -3.964636E-02 -1.478912E+00
      1010 -1.200130E-02 -4.226673E-02 -1.548847E+00
      1011 -1.115281E-02 -3.902432E-02 -1.507979E+00
      1012 -1.368752E-02 -4.154055E-02 -1.579718E+00
      1013 -1.258694E-02 -3.789997E-02 -1.538490E+00
      1014 -1.520312E-02 -4.038210E-02 -1.612683E+00
      1015 -1.382740E-02 -3.637144E-02 -1.570740E+00
      1016 -1.637127E-02 -3.897701E-02 -1.648424E+00
      1017 -1.508606E-02 -3.407416E-02 -1.605867E+00
      1018 -1.717337E-02 -3.801022E-02 -1.688878E+00
      1019 -1.503418E-02 -3.246317E-02 -1.647231E+00
      1020 -1.778390E-02 -3.793266E-02 -1.736381E+00
      1021 -1.536290E-02 -3.303001E-02 -1.697973E+00
      1022 -1.851385E-02 -3.941419E-02 -1.792515E+00
      1023 -1.614669E-02 -3.530498E-02 -1.758831E+00
      1024 -1.984178E-02 -4.243526E-02 -1.857024E+00
      1025 -1.734878E-02 -3.972489E-02 -1.828570E+00
      1026 -2.186277E-02 -4.627494E-02 -1.927784E+00
      1027 -2.027743E-02 -4.474728E-02 -1.903291E+00
      1028 -2.444726E-02 -5.042241E-02 -2.001721E+00
      1029 -7.477090E-04 -3.845036E-02 -1.442223E+00
      1030 -1.696075E-03 -3.941487E-02 -1.451572E+00
      1031 -2.875671E-03 -4.080981E-02 -1.466371E+00
      1032 -4.508489E-03 -4.236042E-02 -1.485725E+00
      1033 -6.304217E-03 -4.376290E-02 -1.508434E+00
      1034 -8.419366E-03 -4.475991E-02 -1.533468E+00
      1035 -1.056924E-02 -4.523766E-02 -1.560432E+00
      1036 -1.268924E-02 -4.526673E-02 -1.589281E+00
      1037 -1.470575E-02 -4.488558E-02 -1.620144E+00
      1038 -1.653863E-02 -4.413784E-02 -1.653320E+00
      1039 -1.811911E-02 -4.308712E-02 -1.689367E+00
      1040 -1.921957E-02 -4.207622E-02 -1.729335E+00
      1041 -2.011241E-02 -4.169994E-02 -1.774912E+00
      1042 -2.084712E-02 -4.251517E-02 -1.827611E+00
      1043 -2.188079E-02 -4.478686E-02 -1.887803E+00
      1044 -2.359251E-02 -4.820735E-02 -1.954632E+00
      1045 -2.579170E-02 -5.215613E-02 -2.026019E+00
