
 displacements (vx,vy,vz) for set NSET_ALL and time  0.1000000E+01

         1  0.000000E+00  0.000000E+00  0.000000E+00
         2  0.000000E+00 -4.144887E-01 -5.277861E-01
         3 -4.563821E-01 -4.411588E-01 -1.524126E+00
         4 -4.403597E-01  0.000000E+00 -9.372145E-01
         5  0.000000E+00 -2.257378E-02  1.453138E-03
         6  0.000000E+00 -4.514318E-02  5.576882E-03
         7  0.000000E+00 -6.771656E-02  1.205755E-02
         8  0.000000E+00 -9.003853E-02  1.990396E-02
         9  0.000000E+00 -1.122422E-01  2.749878E-02
        10  0.000000E+00 -1.334463E-01  3.061869E-02
        11  0.000000E+00 -1.553684E-01  2.765515E-02
        12  0.000000E+00 -1.772596E-01  1.996670E-02
        13  0.000000E+00 -1.994169E-01  7.047946E-03
        14  0.000000E+00 -2.215233E-01 -1.178409E-02
        15  0.000000E+00 -2.436950E-01 -3.774544E-02
        16  0.000000E+00 -2.653064E-01 -7.449041E-02
        17  0.000000E+00 -2.874673E-01 -1.253589E-01
        18  0.000000E+00 -3.105900E-01 -1.902998E-01
        19  0.000000E+00 -3.349450E-01 -2.678079E-01
        20  0.000000E+00 -3.611159E-01 -3.528138E-01
        21  0.000000E+00 -3.873297E-01 -4.402875E-01
        22  0.000000E+00 -1.128567E-02  3.277391E-04
        23  0.000000E+00 -3.385966E-02  3.121897E-03
        24  0.000000E+00 -5.642601E-02  8.496015E-03
        25  0.000000E+00 -7.895562E-02  1.584357E-02
        26  0.000000E+00 -1.010802E-01  2.399168E-02
        27  0.000000E+00 -1.228538E-01  2.939137E-02
        28  0.000000E+00 -1.444890E-01  2.979353E-02
        29  0.000000E+00 -1.662475E-01  2.435131E-02
        30  0.000000E+00 -1.883297E-01  1.408303E-02
        31  0.000000E+00 -2.105106E-01 -1.655696E-03
        32  0.000000E+00 -2.325640E-01 -2.368465E-02
        33  0.000000E+00 -2.544323E-01 -5.484178E-02
        34  0.000000E+00 -2.763653E-01 -9.835412E-02
        35  0.000000E+00 -2.988500E-01 -1.563719E-01
        36  0.000000E+00 -3.227367E-01 -2.280835E-01
        37  0.000000E+00 -3.478534E-01 -3.097448E-01
        38  0.000000E+00 -3.749734E-01 -3.964387E-01
        39  0.000000E+00 -3.976650E-01 -4.845402E-01
        40 -2.445776E-02 -4.143000E-01 -5.298696E-01
        41 -4.879640E-02 -4.138076E-01 -5.363465E-01
        42 -7.300847E-02 -4.131282E-01 -5.477690E-01
        43 -9.708274E-02 -4.123413E-01 -5.648200E-01
        44 -1.209797E-01 -4.115881E-01 -5.883591E-01
        45 -1.446678E-01 -4.110919E-01 -6.192949E-01
        46 -1.683436E-01 -4.110687E-01 -6.583992E-01
        47 -1.922000E-01 -4.116457E-01 -7.061294E-01
        48 -2.163876E-01 -4.128550E-01 -7.625371E-01
        49 -2.409780E-01 -4.147479E-01 -8.273569E-01
        50 -2.661316E-01 -4.173755E-01 -8.999586E-01
        51 -2.920177E-01 -4.206241E-01 -9.792180E-01
        52 -3.187352E-01 -4.242030E-01 -1.063650E+00
        53 -3.460382E-01 -4.277914E-01 -1.151803E+00
        54 -3.736280E-01 -4.312996E-01 -1.242563E+00
        55 -4.013563E-01 -4.345939E-01 -1.335216E+00
        56 -4.286482E-01 -4.386328E-01 -1.429207E+00
        57 -1.223015E-02 -4.040403E-01 -5.293305E-01
        58 -3.664612E-02 -4.037259E-01 -5.335974E-01
        59 -6.094007E-02 -4.031442E-01 -5.425022E-01
        60 -8.506766E-02 -4.024328E-01 -5.566918E-01
        61 -1.091055E-01 -4.015737E-01 -5.769386E-01
        62 -1.328944E-01 -4.007170E-01 -6.040742E-01
        63 -1.565204E-01 -4.003690E-01 -6.390624E-01
        64 -1.802939E-01 -4.006710E-01 -6.824628E-01
        65 -2.043045E-01 -4.015584E-01 -7.345242E-01
        66 -2.286805E-01 -4.030913E-01 -7.951590E-01
        67 -2.535490E-01 -4.053142E-01 -8.639053E-01
        68 -2.790172E-01 -4.083256E-01 -9.398951E-01
        69 -3.053254E-01 -4.119464E-01 -1.021855E+00
        70 -3.323885E-01 -4.156000E-01 -1.108199E+00
        71 -3.598668E-01 -4.191480E-01 -1.197691E+00
        72 -3.873962E-01 -4.224256E-01 -1.289450E+00
        73 -4.157611E-01 -4.259984E-01 -1.382722E+00
        74 -4.398529E-01 -4.304960E-01 -1.477481E+00
        75 -4.547810E-01 -4.159785E-01 -1.460573E+00
        76 -4.517249E-01 -3.912339E-01 -1.398234E+00
        77 -4.495586E-01 -3.660550E-01 -1.337967E+00
        78 -4.474471E-01 -3.409968E-01 -1.280709E+00
        79 -4.455969E-01 -3.160373E-01 -1.227163E+00
        80 -4.439692E-01 -2.912099E-01 -1.177882E+00
        81 -4.425773E-01 -2.665299E-01 -1.133255E+00
        82 -4.414228E-01 -2.420059E-01 -1.093535E+00
        83 -4.405167E-01 -2.176428E-01 -1.058846E+00
        84 -4.398784E-01 -1.934253E-01 -1.029194E+00
        85 -4.395162E-01 -1.693102E-01 -1.004451E+00
        86 -4.394058E-01 -1.452354E-01 -9.843451E-01
        87 -4.394876E-01 -1.211477E-01 -9.684850E-01
        88 -4.396849E-01 -9.701594E-02 -9.564045E-01
        89 -4.399259E-01 -7.283033E-02 -9.476266E-01
        90 -4.401486E-01 -4.859074E-02 -9.417151E-01
        91 -4.403041E-01 -2.430770E-02 -9.383201E-01
        92 -4.462044E-01 -4.259113E-01 -1.493399E+00
        93 -4.426569E-01 -4.043778E-01 -1.430236E+00
        94 -4.401253E-01 -3.785580E-01 -1.368899E+00
        95 -4.380923E-01 -3.535800E-01 -1.310050E+00
        96 -4.360812E-01 -3.285411E-01 -1.254601E+00
        97 -4.343572E-01 -3.036465E-01 -1.203147E+00
        98 -4.328470E-01 -2.788894E-01 -1.156167E+00
        99 -4.315755E-01 -2.542838E-01 -1.113977E+00
       100 -4.305433E-01 -2.298386E-01 -1.076766E+00
       101 -4.297637E-01 -2.055453E-01 -1.044596E+00
       102 -4.292577E-01 -1.813836E-01 -1.017407E+00
       103 -4.290291E-01 -1.572940E-01 -9.950024E-01
       104 -4.290254E-01 -1.332112E-01 -9.770449E-01
       105 -4.291716E-01 -1.091011E-01 -9.631013E-01
       106 -4.293967E-01 -8.494002E-02 -9.526992E-01
       107 -4.296337E-01 -6.072382E-02 -9.453780E-01
       108 -4.298268E-01 -3.645760E-02 -9.407419E-01
       109 -4.299346E-01 -1.215676E-02 -9.385007E-01
       110 -4.130140E-01  0.000000E+00 -8.475922E-01
       111 -3.864170E-01  0.000000E+00 -7.577760E-01
       112 -3.594637E-01  0.000000E+00 -6.686877E-01
       113 -3.327498E-01  0.000000E+00 -5.812221E-01
       114 -3.063872E-01  0.000000E+00 -4.965746E-01
       115 -2.805721E-01  0.000000E+00 -4.162336E-01
       116 -2.554396E-01  0.000000E+00 -3.419040E-01
       117 -2.309835E-01  0.000000E+00 -2.750930E-01
       118 -2.070814E-01  0.000000E+00 -2.166601E-01
       119 -1.835519E-01  0.000000E+00 -1.667002E-01
       120 -1.602280E-01  0.000000E+00 -1.246371E-01
       121 -1.370458E-01  0.000000E+00 -8.964450E-02
       122 -1.139920E-01  0.000000E+00 -6.103821E-02
       123 -9.106327E-02  0.000000E+00 -3.833399E-02
       124 -6.823351E-02  0.000000E+00 -2.117712E-02
       125 -4.546741E-02  0.000000E+00 -9.252230E-03
       126 -2.272967E-02  0.000000E+00 -2.260871E-03
       127 -4.234136E-01  0.000000E+00 -8.928237E-01
       128 -4.005324E-01  0.000000E+00 -8.026377E-01
       129 -3.727951E-01  0.000000E+00 -7.131702E-01
       130 -3.461179E-01  0.000000E+00 -6.247470E-01
       131 -3.195129E-01  0.000000E+00 -5.385224E-01
       132 -2.934196E-01  0.000000E+00 -4.558240E-01
       133 -2.679356E-01  0.000000E+00 -3.782917E-01
       134 -2.431396E-01  0.000000E+00 -3.075702E-01
       135 -2.189877E-01  0.000000E+00 -2.448878E-01
       136 -1.952841E-01  0.000000E+00 -1.907255E-01
       137 -1.718707E-01  0.000000E+00 -1.447979E-01
       138 -1.486304E-01  0.000000E+00 -1.063669E-01
       139 -1.255084E-01  0.000000E+00 -7.464623E-02
       140 -1.025177E-01  0.000000E+00 -4.904314E-02
       141 -7.964103E-02  0.000000E+00 -2.915504E-02
       142 -5.684720E-02  0.000000E+00 -1.465172E-02
       143 -3.409694E-02  0.000000E+00 -5.231059E-03
       144 -1.136402E-02  0.000000E+00 -6.008512E-04
       145 -2.272015E-02 -2.258763E-02 -8.012772E-04
       146 -4.544250E-02 -2.262355E-02 -7.673880E-03
       147 -6.818497E-02 -2.266909E-02 -1.944573E-02
       148 -9.098791E-02 -2.271827E-02 -3.644303E-02
       149 -1.138940E-01 -2.278148E-02 -5.897389E-02
       150 -1.369410E-01 -2.289533E-02 -8.733451E-02
       151 -1.601115E-01 -2.309489E-02 -1.219412E-01
       152 -1.833963E-01 -2.335818E-02 -1.635362E-01
       153 -2.068424E-01 -2.361347E-02 -2.131507E-01
       154 -2.306453E-01 -2.377220E-02 -2.715933E-01
       155 -2.550358E-01 -2.378725E-02 -3.388800E-01
       156 -2.801705E-01 -2.370455E-02 -4.140273E-01
       157 -3.060517E-01 -2.361093E-02 -4.952828E-01
       158 -3.325012E-01 -2.358118E-02 -5.807226E-01
       159 -3.592916E-01 -2.365139E-02 -6.687769E-01
       160 -3.862951E-01 -2.380642E-02 -7.582953E-01
       161 -4.129290E-01 -2.402633E-02 -8.484357E-01
       162 -2.270290E-02 -4.518370E-02  3.488960E-03
       163 -4.537805E-02 -4.528000E-02 -2.975547E-03
       164 -6.804489E-02 -4.538529E-02 -1.425398E-02
       165 -9.076125E-02 -4.547612E-02 -3.078578E-02
       166 -1.135967E-01 -4.557306E-02 -5.286561E-02
       167 -1.366211E-01 -4.575921E-02 -8.057372E-02
       168 -1.597521E-01 -4.611051E-02 -1.140875E-01
       169 -1.830063E-01 -4.682725E-02 -1.539532E-01
       170 -2.060823E-01 -4.753425E-02 -2.021869E-01
       171 -2.295954E-01 -4.782910E-02 -2.606638E-01
       172 -2.537982E-01 -4.786890E-02 -3.293731E-01
       173 -2.788695E-01 -4.749999E-02 -4.073409E-01
       174 -3.050815E-01 -4.711704E-02 -4.916709E-01
       175 -3.317833E-01 -4.709348E-02 -5.794557E-01
       176 -3.587959E-01 -4.725643E-02 -6.692356E-01
       177 -3.859482E-01 -4.758117E-02 -7.599961E-01
       178 -4.126887E-01 -4.802866E-02 -8.510725E-01
       179 -2.270608E-02 -6.778407E-02  1.032076E-02
       180 -4.531876E-02 -6.796535E-02  4.730128E-03
       181 -6.783812E-02 -6.817035E-02 -5.566525E-03
       182 -9.036984E-02 -6.830473E-02 -2.135652E-02
       183 -1.130661E-01 -6.839053E-02 -4.292708E-02
       184 -1.360391E-01 -6.856138E-02 -6.994118E-02
       185 -1.593269E-01 -6.905188E-02 -1.017427E-01
       186 -1.827425E-01 -7.032839E-02 -1.377022E-01
       187 -2.049082E-01 -7.162471E-02 -1.825181E-01
       188 -2.277166E-01 -7.211742E-02 -2.408452E-01
       189 -2.514185E-01 -7.209013E-02 -3.121665E-01
       190 -2.762523E-01 -7.128598E-02 -3.960063E-01
       191 -3.033692E-01 -7.049681E-02 -4.865093E-01
       192 -3.307080E-01 -7.046263E-02 -5.781948E-01
       193 -3.580469E-01 -7.077629E-02 -6.706157E-01
       194 -3.854296E-01 -7.130067E-02 -7.632880E-01
       195 -4.123337E-01 -7.198872E-02 -8.558089E-01
       196 -2.285237E-02 -9.038029E-02  1.912906E-02
       197 -4.530637E-02 -9.089822E-02  1.542875E-02
       198 -6.761684E-02 -9.122231E-02  6.832460E-03
       199 -8.984527E-02 -9.144365E-02 -7.842338E-03
       200 -1.121952E-01 -9.131182E-02 -2.937777E-02
       201 -1.351649E-01 -9.118600E-02 -5.651147E-02
       202 -1.585857E-01 -9.147164E-02 -8.716675E-02
       203 -1.821628E-01 -9.224180E-02 -1.197467E-01
       204 -2.034183E-01 -9.307138E-02 -1.616468E-01
       205 -2.255271E-01 -9.347583E-02 -2.203293E-01
       206 -2.487454E-01 -9.365105E-02 -2.947365E-01
       207 -2.733789E-01 -9.346162E-02 -3.849233E-01
       208 -3.014424E-01 -9.333260E-02 -4.820975E-01
       209 -3.294505E-01 -9.364246E-02 -5.782073E-01
       210 -3.571609E-01 -9.418756E-02 -6.737759E-01
       211 -3.848190E-01 -9.495018E-02 -7.687936E-01
       212 -4.119261E-01 -9.589524E-02 -8.631145E-01
       213 -2.349229E-02 -1.127053E-01  2.887110E-02
       214 -4.558151E-02 -1.135017E-01  2.899596E-02
       215 -6.754193E-02 -1.142924E-01  2.365108E-02
       216 -8.905105E-02 -1.147913E-01  1.084387E-02
       217 -1.106348E-01 -1.143003E-01 -1.211295E-02
       218 -1.338325E-01 -1.137032E-01 -4.146551E-02
       219 -1.573283E-01 -1.137367E-01 -7.274958E-02
       220 -1.808167E-01 -1.140430E-01 -1.051898E-01
       221 -2.017131E-01 -1.144293E-01 -1.473691E-01
       222 -2.235808E-01 -1.147803E-01 -2.076502E-01
       223 -2.466852E-01 -1.151333E-01 -2.848482E-01
       224 -2.713426E-01 -1.155233E-01 -3.791479E-01
       225 -2.998217E-01 -1.160167E-01 -4.807998E-01
       226 -3.281751E-01 -1.166841E-01 -5.808164E-01
       227 -3.562427E-01 -1.175252E-01 -6.796703E-01
       228 -3.841990E-01 -1.185433E-01 -7.772627E-01
       229 -4.115419E-01 -1.197511E-01 -8.735714E-01
       230 -2.357973E-02 -1.332407E-01  3.277596E-02
       231 -4.591341E-02 -1.332495E-01  3.551204E-02
       232 -6.816771E-02 -1.342918E-01  3.539744E-02
       233 -8.865115E-02 -1.354514E-01  2.721654E-02
       234 -1.092547E-01 -1.358788E-01  4.493609E-03
       235 -1.323973E-01 -1.360150E-01 -2.643208E-02
       236 -1.558196E-01 -1.360800E-01 -5.910643E-02
       237 -1.790032E-01 -1.359439E-01 -9.378820E-02
       238 -1.999251E-01 -1.358807E-01 -1.387368E-01
       239 -2.217967E-01 -1.361795E-01 -2.016716E-01
       240 -2.449694E-01 -1.367164E-01 -2.816403E-01
       241 -2.698112E-01 -1.377153E-01 -3.785605E-01
       242 -2.983487E-01 -1.388871E-01 -4.831426E-01
       243 -3.269013E-01 -1.397438E-01 -5.869362E-01
       244 -3.554206E-01 -1.407225E-01 -6.893087E-01
       245 -3.836747E-01 -1.420636E-01 -7.895114E-01
       246 -4.112672E-01 -1.435658E-01 -8.878209E-01
       247 -2.307899E-02 -1.551906E-01  2.904560E-02
       248 -4.603198E-02 -1.551357E-01  3.232017E-02
       249 -6.892449E-02 -1.556867E-01  3.700894E-02
       250 -8.895871E-02 -1.564513E-01  3.472341E-02
       251 -1.091673E-01 -1.575129E-01  1.669205E-02
       252 -1.313918E-01 -1.584066E-01 -1.166811E-02
       253 -1.538981E-01 -1.584723E-01 -4.554373E-02
       254 -1.764721E-01 -1.578007E-01 -8.519217E-02
       255 -1.979122E-01 -1.572106E-01 -1.358516E-01
       256 -2.202005E-01 -1.574473E-01 -2.026223E-01
       257 -2.437710E-01 -1.582742E-01 -2.851690E-01
       258 -2.689401E-01 -1.598037E-01 -3.829906E-01
       259 -2.969599E-01 -1.614820E-01 -4.889764E-01
       260 -3.253281E-01 -1.626963E-01 -5.969776E-01
       261 -3.546234E-01 -1.639221E-01 -7.036755E-01
       262 -3.833971E-01 -1.655427E-01 -8.064404E-01
       263 -4.112017E-01 -1.673699E-01 -9.064999E-01
       264 -2.298876E-02 -1.772493E-01  2.138885E-02
       265 -4.607909E-02 -1.772190E-01  2.560716E-02
       266 -6.909921E-02 -1.772064E-01  3.295748E-02
       267 -8.912796E-02 -1.773143E-01  3.430637E-02
       268 -1.093696E-01 -1.777641E-01  2.093794E-02
       269 -1.305911E-01 -1.781821E-01 -4.268291E-03
       270 -1.521731E-01 -1.782649E-01 -3.924575E-02
       271 -1.741422E-01 -1.780765E-01 -8.403343E-02
       272 -1.961536E-01 -1.780349E-01 -1.407008E-01
       273 -2.189208E-01 -1.785612E-01 -2.115716E-01
       274 -2.427738E-01 -1.794342E-01 -2.972991E-01
       275 -2.682152E-01 -1.804577E-01 -3.978446E-01
       276 -2.964821E-01 -1.819207E-01 -5.061904E-01
       277 -3.250691E-01 -1.842360E-01 -6.162203E-01
       278 -3.545552E-01 -1.867754E-01 -7.246467E-01
       279 -3.834917E-01 -1.890275E-01 -8.288717E-01
       280 -4.114380E-01 -1.912089E-01 -9.301672E-01
       281 -2.297614E-02 -1.993271E-01  8.744515E-03
       282 -4.604015E-02 -1.990698E-01  1.370288E-02
       283 -6.903889E-02 -1.986714E-01  2.215620E-02
       284 -8.899717E-02 -1.983074E-01  2.488434E-02
       285 -1.091535E-01 -1.981401E-01  1.315677E-02
       286 -1.299396E-01 -1.981273E-01 -1.125186E-02
       287 -1.512016E-01 -1.982041E-01 -4.730194E-02
       288 -1.729158E-01 -1.984027E-01 -9.500851E-02
       289 -1.951208E-01 -1.988628E-01 -1.553309E-01
       290 -2.181070E-01 -1.997218E-01 -2.295050E-01
       291 -2.420592E-01 -2.010762E-01 -3.186237E-01
       292 -2.676766E-01 -2.027779E-01 -4.235405E-01
       293 -2.969534E-01 -2.048322E-01 -5.351751E-01
       294 -3.261629E-01 -2.074618E-01 -6.450832E-01
       295 -3.552530E-01 -2.101711E-01 -7.526433E-01
       296 -3.839930E-01 -2.126684E-01 -8.571884E-01
       297 -4.120053E-01 -2.151587E-01 -9.591492E-01
       298 -2.307512E-02 -2.215862E-01 -9.507772E-03
       299 -4.596037E-02 -2.213414E-01 -3.897742E-03
       300 -6.874396E-02 -2.203521E-01  4.071853E-03
       301 -8.874965E-02 -2.193215E-01  6.030289E-03
       302 -1.088878E-01 -2.187874E-01 -6.064072E-03
       303 -1.295919E-01 -2.185740E-01 -3.096855E-02
       304 -1.507418E-01 -2.186533E-01 -6.812998E-02
       305 -1.724155E-01 -2.190365E-01 -1.176914E-01
       306 -1.947142E-01 -2.198102E-01 -1.802973E-01
       307 -2.178696E-01 -2.210630E-01 -2.568526E-01
       308 -2.420588E-01 -2.228659E-01 -3.482926E-01
       309 -2.679036E-01 -2.253163E-01 -4.556243E-01
       310 -2.976073E-01 -2.281058E-01 -5.690372E-01
       311 -3.270687E-01 -2.309009E-01 -6.792690E-01
       312 -3.560937E-01 -2.337080E-01 -7.866763E-01
       313 -3.848484E-01 -2.364991E-01 -8.913290E-01
       314 -4.128738E-01 -2.392580E-01 -9.935251E-01
       315 -2.376709E-02 -2.439393E-01 -3.358580E-02
       316 -4.590785E-02 -2.437541E-01 -2.633114E-02
       317 -6.788541E-02 -2.422106E-01 -2.113262E-02
       318 -8.830369E-02 -2.405277E-01 -2.295862E-02
       319 -1.087782E-01 -2.396850E-01 -3.691448E-02
       320 -1.295903E-01 -2.393587E-01 -6.292828E-02
       321 -1.508076E-01 -2.394676E-01 -1.011415E-01
       322 -1.725538E-01 -2.400209E-01 -1.519285E-01
       323 -1.949736E-01 -2.410756E-01 -2.158974E-01
       324 -2.182786E-01 -2.427057E-01 -2.938215E-01
       325 -2.426453E-01 -2.449795E-01 -3.865510E-01
       326 -2.686946E-01 -2.479620E-01 -4.949518E-01
       327 -2.985921E-01 -2.512422E-01 -6.090055E-01
       328 -3.281775E-01 -2.544209E-01 -7.193904E-01
       329 -3.572417E-01 -2.575167E-01 -8.266475E-01
       330 -3.859912E-01 -2.605411E-01 -9.311246E-01
       331 -4.140134E-01 -2.635310E-01 -1.033245E+00
       332 -2.448738E-02 -2.650579E-01 -6.860409E-02
       333 -4.592611E-02 -2.642741E-01 -6.007838E-02
       334 -6.716382E-02 -2.629393E-01 -5.812299E-02
       335 -8.809049E-02 -2.616588E-01 -6.416389E-02
       336 -1.090088E-01 -2.609006E-01 -8.025775E-02
       337 -1.300457E-01 -2.605855E-01 -1.074088E-01
       338 -1.514381E-01 -2.607584E-01 -1.463982E-01
       339 -1.733361E-01 -2.614550E-01 -1.978347E-01
       340 -1.959122E-01 -2.627456E-01 -2.623682E-01
       341 -2.193740E-01 -2.647044E-01 -3.407174E-01
       342 -2.438835E-01 -2.673990E-01 -4.336708E-01
       343 -2.700465E-01 -2.708838E-01 -5.420624E-01
       344 -3.000214E-01 -2.746361E-01 -6.558516E-01
       345 -3.296361E-01 -2.781667E-01 -7.657519E-01
       346 -3.586876E-01 -2.815295E-01 -8.724480E-01
       347 -3.874118E-01 -2.847806E-01 -9.764242E-01
       348 -4.154133E-01 -2.879852E-01 -1.078155E+00
       349 -2.464731E-02 -2.868509E-01 -1.193935E-01
       350 -4.602839E-02 -2.856095E-01 -1.114942E-01
       351 -6.726045E-02 -2.844099E-01 -1.115903E-01
       352 -8.852440E-02 -2.833783E-01 -1.198257E-01
       353 -1.097583E-01 -2.826644E-01 -1.372265E-01
       354 -1.310863E-01 -2.823930E-01 -1.650173E-01
       355 -1.527061E-01 -2.826358E-01 -2.042612E-01
       356 -1.748061E-01 -2.834513E-01 -2.557489E-01
       357 -1.975763E-01 -2.849288E-01 -3.200967E-01
       358 -2.212038E-01 -2.871601E-01 -3.979520E-01
       359 -2.458265E-01 -2.902190E-01 -4.900662E-01
       360 -2.720252E-01 -2.941533E-01 -5.973099E-01
       361 -3.019618E-01 -2.983358E-01 -7.097902E-01
       362 -3.315038E-01 -3.021907E-01 -8.183961E-01
       363 -3.604732E-01 -3.057978E-01 -9.239419E-01
       364 -3.891247E-01 -3.092455E-01 -1.026979E+00
       365 -4.170720E-01 -3.126271E-01 -1.127987E+00
       366 -2.461396E-02 -3.096809E-01 -1.853635E-01
       367 -4.624935E-02 -3.080936E-01 -1.795010E-01
       368 -6.778487E-02 -3.068203E-01 -1.815047E-01
       369 -8.946546E-02 -3.057630E-01 -1.911586E-01
       370 -1.112056E-01 -3.052215E-01 -2.088133E-01
       371 -1.327678E-01 -3.051017E-01 -2.362467E-01
       372 -1.546679E-01 -3.053232E-01 -2.751962E-01
       373 -1.770191E-01 -3.061809E-01 -3.261651E-01
       374 -2.000256E-01 -3.077697E-01 -3.896341E-01
       375 -2.238509E-01 -3.101983E-01 -4.660790E-01
       376 -2.485719E-01 -3.135541E-01 -5.561720E-01
       377 -2.747243E-01 -3.178700E-01 -6.609176E-01
       378 -3.044858E-01 -3.224222E-01 -7.707971E-01
       379 -3.338228E-01 -3.265529E-01 -8.770752E-01
       380 -3.626084E-01 -3.303543E-01 -9.807523E-01
       381 -3.911268E-01 -3.339454E-01 -1.082367E+00
       382 -4.189778E-01 -3.374559E-01 -1.182319E+00
       383 -2.405712E-02 -3.338349E-01 -2.655697E-01
       384 -4.640435E-02 -3.319845E-01 -2.640549E-01
       385 -6.864414E-02 -3.306485E-01 -2.686494E-01
       386 -9.111110E-02 -3.296122E-01 -2.793714E-01
       387 -1.136645E-01 -3.289792E-01 -2.958448E-01
       388 -1.352947E-01 -3.287432E-01 -3.214769E-01
       389 -1.573301E-01 -3.289235E-01 -3.596035E-01
       390 -1.800213E-01 -3.297365E-01 -4.097107E-01
       391 -2.033283E-01 -3.313393E-01 -4.717331E-01
       392 -2.274049E-01 -3.338407E-01 -5.458915E-01
       393 -2.522242E-01 -3.373348E-01 -6.326916E-01
       394 -2.783104E-01 -3.420597E-01 -7.329978E-01
       395 -3.076043E-01 -3.470215E-01 -8.383944E-01
       396 -3.365862E-01 -3.512977E-01 -9.411648E-01
       397 -3.650738E-01 -3.551995E-01 -1.042206E+00
       398 -3.934004E-01 -3.588674E-01 -1.141930E+00
       399 -4.211363E-01 -3.624430E-01 -1.240540E+00
       400 -2.360098E-02 -3.605303E-01 -3.532316E-01
       401 -4.675688E-02 -3.594209E-01 -3.560505E-01
       402 -6.977959E-02 -3.583241E-01 -3.633861E-01
       403 -9.286124E-02 -3.570694E-01 -3.759503E-01
       404 -1.160028E-01 -3.554605E-01 -3.936954E-01
       405 -1.381844E-01 -3.542038E-01 -4.199600E-01
       406 -1.607248E-01 -3.540319E-01 -4.579684E-01
       407 -1.838624E-01 -3.547306E-01 -5.071850E-01
       408 -2.075554E-01 -3.562404E-01 -5.674121E-01
       409 -2.319327E-01 -3.586498E-01 -6.386193E-01
       410 -2.570602E-01 -3.621171E-01 -7.207282E-01
       411 -2.831929E-01 -3.670219E-01 -8.135533E-01
       412 -3.114236E-01 -3.721937E-01 -9.115290E-01
       413 -3.396827E-01 -3.765071E-01 -1.009490E+00
       414 -3.678083E-01 -3.803861E-01 -1.107273E+00
       415 -3.959086E-01 -3.840471E-01 -1.204741E+00
       416 -4.234264E-01 -3.876120E-01 -1.301833E+00
       417 -2.386836E-02 -3.870801E-01 -4.418178E-01
       418 -4.760185E-02 -3.864151E-01 -4.468783E-01
       419 -7.119829E-02 -3.855099E-01 -4.564387E-01
       420 -9.464831E-02 -3.845153E-01 -4.714480E-01
       421 -1.180694E-01 -3.833051E-01 -4.926739E-01
       422 -1.411785E-01 -3.824019E-01 -5.218285E-01
       423 -1.644810E-01 -3.823278E-01 -5.604720E-01
       424 -1.880498E-01 -3.829438E-01 -6.089142E-01
       425 -2.120806E-01 -3.843044E-01 -6.672247E-01
       426 -2.366792E-01 -3.864756E-01 -7.352079E-01
       427 -2.620399E-01 -3.894926E-01 -8.122818E-01
       428 -2.881857E-01 -3.934598E-01 -8.973128E-01
       429 -3.153605E-01 -3.977367E-01 -9.875556E-01
       430 -3.429104E-01 -4.016696E-01 -1.080368E+00
       431 -3.706913E-01 -4.053881E-01 -1.174615E+00
       432 -3.985636E-01 -4.088665E-01 -1.269663E+00
       433 -4.261126E-01 -4.125368E-01 -1.365154E+00
       434 -1.136209E-02 -2.257578E-02  8.137766E-04
       435 -2.272848E-02 -1.129349E-02 -1.971979E-03
       436 -3.408263E-02 -2.260576E-02 -3.712421E-03
       437 -4.546220E-02 -1.131150E-02 -8.926228E-03
       438 -5.681016E-02 -2.264918E-02 -1.299832E-02
       439 -6.822368E-02 -1.133298E-02 -2.081699E-02
       440 -7.957909E-02 -2.269569E-02 -2.734253E-02
       441 -9.104762E-02 -1.135782E-02 -3.793248E-02
       442 -1.024287E-01 -2.274724E-02 -4.707008E-02
       443 -1.139724E-01 -1.139008E-02 -6.059073E-02
       444 -1.254055E-01 -2.282825E-02 -7.247213E-02
       445 -1.370254E-01 -1.144873E-02 -8.913058E-02
       446 -1.485108E-01 -2.296908E-02 -1.038892E-01
       447 -1.602042E-01 -1.154297E-02 -1.240246E-01
       448 -1.717575E-01 -2.322626E-02 -1.418763E-01
       449 -1.835308E-01 -1.168979E-02 -1.659788E-01
       450 -1.951068E-01 -2.355669E-02 -1.873285E-01
       451 -2.070291E-01 -1.183243E-02 -2.158625E-01
       452 -2.186843E-01 -2.379174E-02 -2.413060E-01
       453 -2.309095E-01 -1.190417E-02 -2.742999E-01
       454 -2.427727E-01 -2.387881E-02 -3.042299E-01
       455 -2.553521E-01 -1.192025E-02 -3.412273E-01
       456 -2.675049E-01 -2.381772E-02 -3.756202E-01
       457 -2.804724E-01 -1.186471E-02 -4.157524E-01
       458 -2.930294E-01 -2.365900E-02 -4.540894E-01
       459 -3.063193E-01 -1.180320E-02 -4.963114E-01
       460 -3.192330E-01 -2.357101E-02 -5.376564E-01
       461 -3.326822E-01 -1.179491E-02 -5.811598E-01
       462 -3.459097E-01 -2.360394E-02 -6.245647E-01
       463 -3.595151E-01 -1.182823E-02 -6.687658E-01
       464 -3.726509E-01 -2.371895E-02 -7.134927E-01
       465 -3.859803E-01 -1.190486E-02 -7.580071E-01
       466 -4.004305E-01 -2.390758E-02 -8.033311E-01
       467 -4.149085E-01 -1.201398E-02 -8.476863E-01
       468 -4.233440E-01 -2.415936E-02 -8.938062E-01
       469 -1.134755E-02 -4.515534E-02  4.996208E-03
       470 -2.270683E-02 -3.387924E-02  9.346792E-04
       471 -3.404001E-02 -4.520801E-02  7.495173E-04
       472 -4.541549E-02 -3.393644E-02 -5.783221E-03
       473 -5.671444E-02 -4.530760E-02 -8.064210E-03
       474 -6.812871E-02 -3.401092E-02 -1.735594E-02
       475 -7.939382E-02 -4.540851E-02 -2.192097E-02
       476 -9.089524E-02 -3.408031E-02 -3.415879E-02
       477 -1.021663E-01 -4.550272E-02 -4.120269E-02
       478 -1.137835E-01 -3.417145E-02 -5.648423E-02
       479 -1.250904E-01 -4.564165E-02 -6.608413E-02
       480 -1.368008E-01 -3.432383E-02 -8.455583E-02
       481 -1.481981E-01 -4.593185E-02 -9.664255E-02
       482 -1.599905E-01 -3.463078E-02 -1.186899E-01
       483 -1.713447E-01 -4.641900E-02 -1.331383E-01
       484 -1.831275E-01 -3.500450E-02 -1.596357E-01
       485 -1.944946E-01 -4.685216E-02 -1.770606E-01
       486 -2.065589E-01 -3.536228E-02 -2.087440E-01
       487 -2.178084E-01 -4.731716E-02 -2.302491E-01
       488 -2.302246E-01 -3.562607E-02 -2.671977E-01
       489 -2.415834E-01 -4.748462E-02 -2.939080E-01
       490 -2.545213E-01 -3.561975E-02 -3.350822E-01
       491 -2.662713E-01 -4.735685E-02 -3.675299E-01
       492 -2.797567E-01 -3.551888E-02 -4.113167E-01
       493 -2.919272E-01 -4.725973E-02 -4.489251E-01
       494 -3.056362E-01 -3.539833E-02 -4.937953E-01
       495 -3.183668E-01 -4.710023E-02 -5.353002E-01
       496 -3.322056E-01 -3.534191E-02 -5.802203E-01
       497 -3.453181E-01 -4.714736E-02 -6.242372E-01
       498 -3.591735E-01 -3.546326E-02 -6.689935E-01
       499 -3.722359E-01 -4.740150E-02 -7.146247E-01
       500 -3.857421E-01 -3.569808E-02 -7.590858E-01
       501 -4.001414E-01 -4.778842E-02 -8.055342E-01
       502 -4.147425E-01 -3.602980E-02 -8.494029E-01
       503 -4.231482E-01 -4.829584E-02 -8.968452E-01
       504 -1.138307E-02 -6.772161E-02  1.155094E-02
       505 -2.271807E-02 -5.650022E-02  6.546068E-03
       506 -3.404124E-02 -6.794950E-02  8.013801E-03
       507 -4.534123E-02 -5.664933E-02  4.358356E-04
       508 -5.657251E-02 -6.817507E-02  1.702139E-04
       509 -6.794517E-02 -5.678677E-02 -1.043310E-02
       510 -7.910013E-02 -6.833344E-02 -1.281181E-02
       511 -9.059296E-02 -5.690056E-02 -2.662854E-02
       512 -1.016810E-01 -6.840421E-02 -3.149318E-02
       513 -1.133528E-01 -5.698328E-02 -4.843446E-02
       514 -1.245240E-01 -6.847254E-02 -5.587630E-02
       515 -1.363799E-01 -5.717645E-02 -7.576431E-02
       516 -1.475928E-01 -6.863238E-02 -8.536764E-02
       517 -1.595463E-01 -5.757151E-02 -1.083769E-01
       518 -1.713400E-01 -6.981317E-02 -1.192939E-01
       519 -1.830895E-01 -5.887766E-02 -1.467381E-01
       520 -1.940719E-01 -7.262625E-02 -1.582880E-01
       521 -2.055651E-01 -6.019409E-02 -1.937298E-01
       522 -2.161267E-01 -7.380828E-02 -2.099398E-01
       523 -2.287798E-01 -6.053316E-02 -2.520547E-01
       524 -2.395310E-01 -7.403983E-02 -2.748115E-01
       525 -2.527867E-01 -6.060076E-02 -3.220186E-01
       526 -2.633718E-01 -7.333546E-02 -3.524849E-01
       527 -2.775180E-01 -5.970121E-02 -4.023561E-01
       528 -2.894841E-01 -7.102200E-02 -4.411774E-01
       529 -3.043216E-01 -5.880411E-02 -4.891798E-01
       530 -3.171055E-01 -7.032238E-02 -5.323048E-01
       531 -3.312700E-01 -5.880899E-02 -5.788358E-01
       532 -3.444081E-01 -7.060151E-02 -6.244214E-01
       533 -3.585442E-01 -5.902376E-02 -6.698288E-01
       534 -3.716182E-01 -7.100884E-02 -7.170421E-01
       535 -3.853006E-01 -5.944842E-02 -7.615227E-01
       536 -3.997106E-01 -7.162320E-02 -8.096005E-01
       537 -4.144391E-01 -6.001133E-02 -8.530454E-01
       538 -4.228627E-01 -7.239073E-02 -9.022047E-01
       539 -1.136680E-02 -9.017152E-02  1.976835E-02
       540 -2.264626E-02 -7.899868E-02  1.445665E-02
       541 -3.405683E-02 -9.020105E-02  1.756550E-02
       542 -4.531984E-02 -7.921480E-02  9.620729E-03
       543 -5.652343E-02 -9.059334E-02  1.166532E-02
       544 -6.773949E-02 -7.952157E-02  5.956910E-05
       545 -7.871711E-02 -9.095290E-02  1.954537E-04
       546 -9.010540E-02 -7.966996E-02 -1.524955E-02
       547 -1.010063E-01 -9.105927E-02 -1.798460E-02
       548 -1.127692E-01 -7.975389E-02 -3.668931E-02
       549 -1.236952E-01 -9.117464E-02 -4.241013E-02
       550 -1.356913E-01 -7.991146E-02 -6.355472E-02
       551 -1.466470E-01 -9.130926E-02 -7.159643E-02
       552 -1.586844E-01 -8.023704E-02 -9.477296E-02
       553 -1.710329E-01 -9.176072E-02 -1.034988E-01
       554 -1.840953E-01 -8.160553E-02 -1.281157E-01
       555 -1.933433E-01 -9.234252E-02 -1.379762E-01
       556 -2.038146E-01 -8.302332E-02 -1.706944E-01
       557 -2.141187E-01 -9.292047E-02 -1.885750E-01
       558 -2.265719E-01 -8.341369E-02 -2.292242E-01
       559 -2.371688E-01 -9.320598E-02 -2.551546E-01
       560 -2.503165E-01 -8.354403E-02 -3.018998E-01
       561 -2.601673E-01 -9.322821E-02 -3.373908E-01
       562 -2.731595E-01 -8.269433E-02 -3.898271E-01
       563 -2.867980E-01 -9.330888E-02 -4.339507E-01
       564 -3.027725E-01 -8.189761E-02 -4.842031E-01
       565 -3.156582E-01 -9.345232E-02 -5.303345E-01
       566 -3.300240E-01 -8.207795E-02 -5.780269E-01
       567 -3.433438E-01 -9.387874E-02 -6.261376E-01
       568 -3.577267E-01 -8.248995E-02 -6.719931E-01
       569 -3.708826E-01 -9.454775E-02 -7.214651E-01
       570 -3.847237E-01 -8.313314E-02 -7.658422E-01
       571 -3.992078E-01 -9.539899E-02 -8.160689E-01
       572 -4.140503E-01 -8.394440E-02 -8.590071E-01
       573 -4.225425E-01 -9.643527E-02 -9.102905E-01
       574 -1.218171E-02 -1.124695E-01  2.765382E-02
       575 -2.341515E-02 -1.019680E-01  2.390450E-02
       576 -3.489790E-02 -1.150763E-01  2.988178E-02
       577 -4.540582E-02 -1.030606E-01  2.172160E-02
       578 -5.644446E-02 -1.161410E-01  2.732159E-02
       579 -6.745420E-02 -1.034170E-01  1.457247E-02
       580 -7.836635E-02 -1.164818E-01  1.839607E-02
       581 -8.950539E-02 -1.037096E-01  5.595403E-04
       582 -9.953260E-02 -1.161900E-01  8.003970E-04
       583 -1.112590E-01 -1.031168E-01 -2.133857E-02
       584 -1.219440E-01 -1.142131E-01 -2.664449E-02
       585 -1.346472E-01 -1.024422E-01 -4.910378E-02
       586 -1.454979E-01 -1.136548E-01 -5.697389E-02
       587 -1.576068E-01 -1.026725E-01 -8.005556E-02
       588 -1.696622E-01 -1.139461E-01 -8.896563E-02
       589 -1.834194E-01 -1.030743E-01 -1.118694E-01
       590 -1.917650E-01 -1.143107E-01 -1.235952E-01
       591 -2.021922E-01 -1.035666E-01 -1.533676E-01
       592 -2.123279E-01 -1.146797E-01 -1.750356E-01
       593 -2.245161E-01 -1.039851E-01 -2.127986E-01
       594 -2.351076E-01 -1.150230E-01 -2.438179E-01
       595 -2.480036E-01 -1.042031E-01 -2.884816E-01
       596 -2.581709E-01 -1.153939E-01 -3.295926E-01
       597 -2.704336E-01 -1.044311E-01 -3.814486E-01
       598 -2.850319E-01 -1.158517E-01 -4.303404E-01
       599 -3.010296E-01 -1.047426E-01 -4.811163E-01
       600 -3.141520E-01 -1.164121E-01 -5.310267E-01
       601 -3.287003E-01 -1.051789E-01 -5.792109E-01
       602 -3.422436E-01 -1.170882E-01 -6.304991E-01
       603 -3.568236E-01 -1.058614E-01 -6.764099E-01
       604 -3.701341E-01 -1.179927E-01 -7.287448E-01
       605 -3.840966E-01 -1.067540E-01 -7.727393E-01
       606 -3.987136E-01 -1.191199E-01 -8.255996E-01
       607 -4.136444E-01 -1.078247E-01 -8.678195E-01
       608 -4.222564E-01 -1.204284E-01 -9.216076E-01
       609 -1.223981E-02 -1.332845E-01  3.095674E-02
       610 -2.495005E-02 -1.230079E-01  3.244428E-02
       611 -3.499944E-02 -1.311181E-01  3.482884E-02
       612 -4.543919E-02 -1.233878E-01  3.507298E-02
       613 -5.724121E-02 -1.316117E-01  3.599555E-02
       614 -6.796150E-02 -1.246078E-01  3.170308E-02
       615 -7.895083E-02 -1.343698E-01  3.344346E-02
       616 -8.910735E-02 -1.258362E-01  2.076636E-02
       617 -9.813471E-02 -1.354546E-01  1.836377E-02
       618 -1.081468E-01 -1.253033E-01 -3.103585E-03
       619 -1.201996E-01 -1.355710E-01 -1.119929E-02
       620 -1.335673E-01 -1.246508E-01 -3.407674E-02
       621 -1.441297E-01 -1.356609E-01 -4.268988E-02
       622 -1.561407E-01 -1.247310E-01 -6.600445E-02
       623 -1.680434E-01 -1.356579E-01 -7.646842E-02
       624 -1.818528E-01 -1.249173E-01 -9.894424E-02
       625 -1.900175E-01 -1.358514E-01 -1.134821E-01
       626 -2.004429E-01 -1.252179E-01 -1.419813E-01
       627 -2.104906E-01 -1.359972E-01 -1.677109E-01
       628 -2.226563E-01 -1.254937E-01 -2.035440E-01
       629 -2.333973E-01 -1.364197E-01 -2.391926E-01
       630 -2.461250E-01 -1.259822E-01 -2.819951E-01
       631 -2.564588E-01 -1.371297E-01 -3.276135E-01
       632 -2.686548E-01 -1.265459E-01 -3.783035E-01
       633 -2.834277E-01 -1.378449E-01 -4.313415E-01
       634 -2.994653E-01 -1.272064E-01 -4.816554E-01
       635 -3.128918E-01 -1.388671E-01 -5.353909E-01
       636 -3.275761E-01 -1.281343E-01 -5.834921E-01
       637 -3.412465E-01 -1.401769E-01 -6.383950E-01
       638 -3.559078E-01 -1.291576E-01 -6.840510E-01
       639 -3.694362E-01 -1.414057E-01 -7.397819E-01
       640 -3.835246E-01 -1.303031E-01 -7.830056E-01
       641 -3.983298E-01 -1.427891E-01 -8.389246E-01
       642 -4.133021E-01 -1.316594E-01 -8.800976E-01
       643 -4.220826E-01 -1.443852E-01 -9.367106E-01
       644 -1.150740E-02 -1.552728E-01  2.803165E-02
       645 -2.365664E-02 -1.438220E-01  3.125849E-02
       646 -3.434585E-02 -1.555664E-01  3.026800E-02
       647 -4.560951E-02 -1.433461E-01  3.391070E-02
       648 -5.815240E-02 -1.558454E-01  3.417376E-02
       649 -7.010753E-02 -1.445508E-01  3.696774E-02
       650 -7.965950E-02 -1.560500E-01  3.827015E-02
       651 -8.879295E-02 -1.457578E-01  3.254462E-02
       652 -9.852271E-02 -1.572108E-01  2.795133E-02
       653 -1.074826E-01 -1.469129E-01  1.108611E-02
       654 -1.199812E-01 -1.596041E-01  3.271943E-03
       655 -1.323140E-01 -1.478483E-01 -1.936041E-02
       656 -1.426081E-01 -1.604802E-01 -2.781961E-02
       657 -1.544782E-01 -1.478853E-01 -5.268398E-02
       658 -1.654763E-01 -1.597523E-01 -6.453924E-02
       659 -1.794005E-01 -1.471918E-01 -8.900428E-02
       660 -1.874140E-01 -1.576410E-01 -1.081860E-01
       661 -1.985608E-01 -1.465232E-01 -1.360587E-01
       662 -2.088218E-01 -1.571671E-01 -1.669350E-01
       663 -2.209684E-01 -1.468500E-01 -2.009496E-01
       664 -2.318616E-01 -1.576782E-01 -2.416440E-01
       665 -2.446003E-01 -1.474424E-01 -2.820122E-01
       666 -2.558239E-01 -1.591690E-01 -3.320545E-01
       667 -2.678377E-01 -1.491359E-01 -3.801879E-01
       668 -2.826972E-01 -1.627255E-01 -4.354655E-01
       669 -2.980700E-01 -1.510638E-01 -4.859411E-01
       670 -3.108072E-01 -1.641639E-01 -5.424275E-01
       671 -3.257617E-01 -1.515928E-01 -5.915705E-01
       672 -3.397801E-01 -1.634728E-01 -6.511434E-01
       673 -3.551421E-01 -1.522808E-01 -6.958441E-01
       674 -3.690567E-01 -1.645774E-01 -7.555971E-01
       675 -3.830738E-01 -1.538240E-01 -7.974944E-01
       676 -3.981514E-01 -1.664558E-01 -8.567978E-01
       677 -4.131267E-01 -1.554577E-01 -8.964951E-01
       678 -4.221135E-01 -1.683286E-01 -9.561456E-01
       679 -1.154317E-02 -1.772703E-01  2.022193E-02
       680 -2.298895E-02 -1.662999E-01  2.570114E-02
       681 -3.439107E-02 -1.771225E-01  2.306034E-02
       682 -4.569583E-02 -1.663983E-01  2.935163E-02
       683 -5.820163E-02 -1.770831E-01  2.876357E-02
       684 -7.092055E-02 -1.665467E-01  3.587523E-02
       685 -7.970245E-02 -1.772263E-01  3.587855E-02
       686 -8.868670E-02 -1.668523E-01  3.590666E-02
       687 -9.906420E-02 -1.774931E-01  2.956364E-02
       688 -1.091746E-01 -1.679661E-01  2.067166E-02
       689 -1.199504E-01 -1.776508E-01  1.007951E-02
       690 -1.309463E-01 -1.689195E-01 -5.630577E-03
       691 -1.413195E-01 -1.778297E-01 -2.017053E-02
       692 -1.529168E-01 -1.690024E-01 -4.008068E-02
       693 -1.630804E-01 -1.778306E-01 -5.989683E-02
       694 -1.753928E-01 -1.682588E-01 -8.275168E-02
       695 -1.850440E-01 -1.779842E-01 -1.104736E-01
       696 -1.969391E-01 -1.676037E-01 -1.369159E-01
       697 -2.074201E-01 -1.782429E-01 -1.740145E-01
       698 -2.194852E-01 -1.680177E-01 -2.057091E-01
       699 -2.307139E-01 -1.790709E-01 -2.522656E-01
       700 -2.432909E-01 -1.688417E-01 -2.898812E-01
       701 -2.549671E-01 -1.797011E-01 -3.456069E-01
       702 -2.680254E-01 -1.701018E-01 -3.882319E-01
       703 -2.820994E-01 -1.790439E-01 -4.516161E-01
       704 -2.967937E-01 -1.716465E-01 -4.943360E-01
       705 -3.104445E-01 -1.809404E-01 -5.607805E-01
       706 -3.235389E-01 -1.734361E-01 -6.048774E-01
       707 -3.396218E-01 -1.853353E-01 -6.713018E-01
       708 -3.549351E-01 -1.753382E-01 -7.135017E-01
       709 -3.690740E-01 -1.880430E-01 -7.773308E-01
       710 -3.829292E-01 -1.772763E-01 -8.170781E-01
       711 -3.983200E-01 -1.900991E-01 -8.798777E-01
       712 -4.132159E-01 -1.792772E-01 -9.176208E-01
       713 -4.224157E-01 -1.923268E-01 -9.803763E-01
       714 -1.153098E-02 -1.993871E-01  7.372869E-03
       715 -2.308279E-02 -1.882734E-01  1.565447E-02
       716 -3.436264E-02 -1.993224E-01  1.072571E-02
       717 -4.568794E-02 -1.881286E-01  2.021294E-02
       718 -5.814832E-02 -1.989927E-01  1.735390E-02
       719 -7.085703E-02 -1.879128E-01  2.853712E-02
       720 -7.963811E-02 -1.984580E-01  2.572682E-02
       721 -8.869336E-02 -1.878110E-01  3.110585E-02
       722 -9.885777E-02 -1.981878E-01  2.102528E-02
       723 -1.094491E-01 -1.878401E-01  1.880772E-02
       724 -1.194878E-01 -1.981814E-01  2.742918E-03
       725 -1.301660E-01 -1.879411E-01 -5.769085E-03
       726 -1.404973E-01 -1.982492E-01 -2.755965E-02
       727 -1.516484E-01 -1.880203E-01 -4.128406E-02
       728 -1.620018E-01 -1.983420E-01 -6.937311E-02
       729 -1.733053E-01 -1.881301E-01 -8.773836E-02
       730 -1.839456E-01 -1.985874E-01 -1.232155E-01
       731 -1.955836E-01 -1.884599E-01 -1.464588E-01
       732 -2.064464E-01 -1.992169E-01 -1.903310E-01
       733 -2.183640E-01 -1.890942E-01 -2.191106E-01
       734 -2.300799E-01 -2.002912E-01 -2.718237E-01
       735 -2.426463E-01 -1.902679E-01 -3.064463E-01
       736 -2.539469E-01 -2.018798E-01 -3.687532E-01
       737 -2.664010E-01 -1.912239E-01 -4.100189E-01
       738 -2.816808E-01 -2.042339E-01 -4.799707E-01
       739 -2.971273E-01 -1.924965E-01 -5.204893E-01
       740 -3.118369E-01 -2.065728E-01 -5.905962E-01
       741 -3.252559E-01 -1.954658E-01 -6.301772E-01
       742 -3.408074E-01 -2.088502E-01 -6.992643E-01
       743 -3.550164E-01 -1.984926E-01 -7.378974E-01
       744 -3.695241E-01 -2.113906E-01 -8.054054E-01
       745 -3.832737E-01 -2.008116E-01 -8.424665E-01
       746 -3.988675E-01 -2.139180E-01 -9.085170E-01
       747 -4.136078E-01 -2.031700E-01 -9.439205E-01
       748 -4.230157E-01 -2.164120E-01 -1.009700E+00
       749 -1.152914E-02 -2.215846E-01 -1.120043E-02
       750 -2.298542E-02 -2.103724E-01  2.467335E-04
       751 -3.432057E-02 -2.211523E-01 -7.270585E-03
       752 -4.562286E-02 -2.099922E-01  5.396512E-03
       753 -5.802426E-02 -2.205370E-01 -5.299943E-04
       754 -7.080317E-02 -2.094221E-01  1.410253E-02
       755 -7.939043E-02 -2.197708E-01  7.282659E-03
       756 -8.849240E-02 -2.088091E-01  1.704735E-02
       757 -9.859716E-02 -2.190276E-01  1.960016E-03
       758 -1.090782E-01 -2.084351E-01  5.258071E-03
       759 -1.192067E-01 -2.186164E-01 -1.666652E-02
       760 -1.297007E-01 -2.083299E-01 -1.926484E-02
       761 -1.400889E-01 -2.185486E-01 -4.772175E-02
       762 -1.508977E-01 -2.084028E-01 -5.588088E-02
       763 -1.614936E-01 -2.187771E-01 -9.103967E-02
       764 -1.725815E-01 -2.086860E-01 -1.046148E-01
       765 -1.834638E-01 -2.193594E-01 -1.470299E-01
       766 -1.948367E-01 -2.092912E-01 -1.662073E-01
       767 -2.061324E-01 -2.203666E-01 -2.164973E-01
       768 -2.178097E-01 -2.103613E-01 -2.417347E-01
       769 -2.299220E-01 -2.218967E-01 -3.003542E-01
       770 -2.423532E-01 -2.119014E-01 -3.320080E-01
       771 -2.541171E-01 -2.239889E-01 -3.997243E-01
       772 -2.658410E-01 -2.141131E-01 -4.388597E-01
       773 -2.822146E-01 -2.266154E-01 -5.129231E-01
       774 -2.976539E-01 -2.166995E-01 -5.515684E-01
       775 -3.125228E-01 -2.294042E-01 -6.246121E-01
       776 -3.266385E-01 -2.192487E-01 -6.615733E-01
       777 -3.416402E-01 -2.323015E-01 -7.334561E-01
       778 -3.557322E-01 -2.218898E-01 -7.690259E-01
       779 -3.704061E-01 -2.351284E-01 -8.394778E-01
       780 -3.839938E-01 -2.245703E-01 -8.737123E-01
       781 -3.997200E-01 -2.378836E-01 -9.427582E-01
       782 -4.143240E-01 -2.271842E-01 -9.755976E-01
       783 -4.239031E-01 -2.406452E-01 -1.044231E+00
       784 -1.228743E-02 -2.439133E-01 -3.680235E-02
       785 -2.362178E-02 -2.330662E-01 -2.089506E-02
       786 -3.506797E-02 -2.456477E-01 -2.956276E-02
       787 -4.554941E-02 -2.332079E-01 -1.495626E-02
       788 -5.714944E-02 -2.447686E-01 -2.334522E-02
       789 -6.993958E-02 -2.315625E-01 -7.568138E-03
       790 -7.842295E-02 -2.414807E-01 -2.022976E-02
       791 -8.816942E-02 -2.298666E-01 -6.685388E-03
       792 -9.842859E-02 -2.399244E-01 -2.814245E-02
       793 -1.088684E-01 -2.292029E-01 -1.972101E-02
       794 -1.191441E-01 -2.394764E-01 -4.812875E-02
       795 -1.295139E-01 -2.289012E-01 -4.512004E-02
       796 -1.401264E-01 -2.393529E-01 -8.021671E-02
       797 -1.507009E-01 -2.289937E-01 -8.283727E-02
       798 -1.615945E-01 -2.396823E-01 -1.246584E-01
       799 -1.723842E-01 -2.294673E-01 -1.330887E-01
       800 -1.836612E-01 -2.404725E-01 -1.819481E-01
       801 -1.947641E-01 -2.303899E-01 -1.964767E-01
       802 -2.064604E-01 -2.418033E-01 -2.527954E-01
       803 -2.179023E-01 -2.318340E-01 -2.738619E-01
       804 -2.304275E-01 -2.437433E-01 -3.379845E-01
       805 -2.426117E-01 -2.338779E-01 -3.659599E-01
       806 -2.547854E-01 -2.463725E-01 -4.385542E-01
       807 -2.664810E-01 -2.366012E-01 -4.744781E-01
       808 -2.830836E-01 -2.496485E-01 -5.526755E-01
       809 -2.984539E-01 -2.396189E-01 -5.883355E-01
       810 -3.136133E-01 -2.528710E-01 -6.647446E-01
       811 -3.274964E-01 -2.426286E-01 -6.986901E-01
       812 -3.427921E-01 -2.559859E-01 -7.735092E-01
       813 -3.567578E-01 -2.455954E-01 -8.060460E-01
       814 -3.715406E-01 -2.590372E-01 -8.793474E-01
       815 -3.849831E-01 -2.484995E-01 -9.106952E-01
       816 -4.008596E-01 -2.620382E-01 -9.825038E-01
       817 -4.153323E-01 -2.513705E-01 -1.012659E+00
       818 -4.250485E-01 -2.650401E-01 -1.083941E+00
       819 -1.307435E-02 -2.652996E-01 -7.324757E-02
       820 -2.569427E-02 -2.547484E-01 -4.900030E-02
       821 -3.588509E-02 -2.643291E-01 -6.305927E-02
       822 -4.555045E-02 -2.545961E-01 -4.031283E-02
       823 -5.635864E-02 -2.632707E-01 -5.780650E-02
       824 -6.771951E-02 -2.528052E-01 -3.726391E-02
       825 -7.763351E-02 -2.622580E-01 -5.976795E-02
       826 -8.809819E-02 -2.510212E-01 -4.164221E-02
       827 -9.854536E-02 -2.612562E-01 -7.060926E-02
       828 -1.088326E-01 -2.502461E-01 -5.667065E-02
       829 -1.194790E-01 -2.606694E-01 -9.213121E-02
       830 -1.297426E-01 -2.498972E-01 -8.330013E-02
       831 -1.406811E-01 -2.605933E-01 -1.251274E-01
       832 -1.510369E-01 -2.500394E-01 -1.219536E-01
       833 -1.623001E-01 -2.610220E-01 -1.702627E-01
       834 -1.728473E-01 -2.506651E-01 -1.731427E-01
       835 -1.845205E-01 -2.620078E-01 -2.281626E-01
       836 -1.953567E-01 -2.518418E-01 -2.374831E-01
       837 -2.074785E-01 -2.636234E-01 -2.995114E-01
       838 -2.186496E-01 -2.536432E-01 -3.157606E-01
       839 -2.315942E-01 -2.659406E-01 -3.850324E-01
       840 -2.435237E-01 -2.561265E-01 -4.086067E-01
       841 -2.560910E-01 -2.690279E-01 -4.857081E-01
       842 -2.675223E-01 -2.593929E-01 -5.176487E-01
       843 -2.844869E-01 -2.727961E-01 -5.996762E-01
       844 -2.996510E-01 -2.629231E-01 -6.316956E-01
       845 -3.150530E-01 -2.764288E-01 -7.113584E-01
       846 -3.287939E-01 -2.662721E-01 -7.419053E-01
       847 -3.442421E-01 -2.798714E-01 -8.195908E-01
       848 -3.580434E-01 -2.694981E-01 -8.489394E-01
       849 -3.729765E-01 -2.831719E-01 -9.248843E-01
       850 -3.862636E-01 -2.726403E-01 -9.532648E-01
       851 -4.022682E-01 -2.863865E-01 -1.027589E+00
       852 -4.166028E-01 -2.757324E-01 -1.054996E+00
       853 -4.264408E-01 -2.896048E-01 -1.128691E+00
       854 -1.306815E-02 -2.873325E-01 -1.239720E-01
       855 -2.636605E-02 -2.757619E-01 -9.197453E-02
       856 -3.593255E-02 -2.862422E-01 -1.141837E-01
       857 -4.561371E-02 -2.745798E-01 -8.330633E-02
       858 -5.652666E-02 -2.849889E-01 -1.102994E-01
       859 -6.712153E-02 -2.734657E-01 -8.253818E-02
       860 -7.791624E-02 -2.837747E-01 -1.143744E-01
       861 -8.823417E-02 -2.724170E-01 -8.984283E-02
       862 -9.913015E-02 -2.828886E-01 -1.270625E-01
       863 -1.093099E-01 -2.716741E-01 -1.067066E-01
       864 -1.204037E-01 -2.824727E-01 -1.494844E-01
       865 -1.304745E-01 -2.714065E-01 -1.342766E-01
       866 -1.418269E-01 -2.824736E-01 -1.828915E-01
       867 -1.519770E-01 -2.716085E-01 -1.734715E-01
       868 -1.636713E-01 -2.829775E-01 -2.281840E-01
       869 -1.739667E-01 -2.723715E-01 -2.250102E-01
       870 -1.860896E-01 -2.841108E-01 -2.860213E-01
       871 -1.966517E-01 -2.737625E-01 -2.895336E-01
       872 -2.092304E-01 -2.859546E-01 -3.570365E-01
       873 -2.201040E-01 -2.758662E-01 -3.677734E-01
       874 -2.334916E-01 -2.885924E-01 -4.418859E-01
       875 -2.451051E-01 -2.787451E-01 -4.603173E-01
       876 -2.580570E-01 -2.920860E-01 -5.415554E-01
       877 -2.691783E-01 -2.824805E-01 -5.687933E-01
       878 -2.864469E-01 -2.963079E-01 -6.542824E-01
       879 -3.013280E-01 -2.864513E-01 -6.820745E-01
       880 -3.169636E-01 -3.003103E-01 -7.646414E-01
       881 -3.304432E-01 -2.901482E-01 -7.914185E-01
       882 -3.460686E-01 -3.040306E-01 -8.716314E-01
       883 -3.596565E-01 -2.936378E-01 -8.976142E-01
       884 -3.747214E-01 -3.075460E-01 -9.758738E-01
       885 -3.878279E-01 -2.969926E-01 -1.001227E+00
       886 -4.039479E-01 -3.109437E-01 -1.077750E+00
       887 -4.181305E-01 -3.002816E-01 -1.102402E+00
       888 -4.280806E-01 -3.143385E-01 -1.178218E+00
       889 -1.314383E-02 -3.103374E-01 -1.893137E-01
       890 -2.644077E-02 -2.982126E-01 -1.504358E-01
       891 -3.607815E-02 -3.091607E-01 -1.809342E-01
       892 -4.574944E-02 -2.968897E-01 -1.430723E-01
       893 -5.682810E-02 -3.077684E-01 -1.791595E-01
       894 -6.755764E-02 -2.956063E-01 -1.441764E-01
       895 -7.866497E-02 -3.066224E-01 -1.849922E-01
       896 -8.892227E-02 -2.945964E-01 -1.531547E-01
       897 -1.002680E-01 -3.057421E-01 -1.984890E-01
       898 -1.102583E-01 -2.938646E-01 -1.708820E-01
       899 -1.219118E-01 -3.050477E-01 -2.210168E-01
       900 -1.318581E-01 -2.935593E-01 -1.986693E-01
       901 -1.436871E-01 -3.050063E-01 -2.540440E-01
       902 -1.535743E-01 -2.938331E-01 -2.378247E-01
       903 -1.657544E-01 -3.055693E-01 -2.989291E-01
       904 -1.758036E-01 -2.946706E-01 -2.891232E-01
       905 -1.884267E-01 -3.067741E-01 -3.560942E-01
       906 -1.987012E-01 -2.962158E-01 -3.530994E-01
       907 -2.117891E-01 -3.087709E-01 -4.259761E-01
       908 -2.223317E-01 -2.985586E-01 -4.303821E-01
       909 -2.361971E-01 -3.116392E-01 -5.091151E-01
       910 -2.474329E-01 -3.017651E-01 -5.215141E-01
       911 -2.608156E-01 -3.154978E-01 -6.064842E-01
       912 -2.715202E-01 -3.059412E-01 -6.281979E-01
       913 -2.890785E-01 -3.201952E-01 -7.165672E-01
       914 -3.035478E-01 -3.103357E-01 -7.395718E-01
       915 -3.193730E-01 -3.245414E-01 -8.244265E-01
       916 -3.325338E-01 -3.143279E-01 -8.471302E-01
       917 -3.482889E-01 -3.284785E-01 -9.293140E-01
       918 -3.616158E-01 -3.180396E-01 -9.518239E-01
       919 -3.767815E-01 -3.321587E-01 -1.031913E+00
       920 -3.896832E-01 -3.215671E-01 -1.054256E+00
       921 -4.058992E-01 -3.356893E-01 -1.132559E+00
       922 -4.199141E-01 -3.250092E-01 -1.154538E+00
       923 -4.299426E-01 -3.392185E-01 -1.232116E+00
       924 -1.242309E-02 -3.346165E-01 -2.673688E-01
       925 -2.588966E-02 -3.212969E-01 -2.237093E-01
       926 -3.553713E-02 -3.313817E-01 -2.641307E-01
       927 -4.597625E-02 -3.191883E-01 -2.193091E-01
       928 -5.746419E-02 -3.295198E-01 -2.656805E-01
       929 -6.824652E-02 -3.179557E-01 -2.226762E-01
       930 -7.977205E-02 -3.282994E-01 -2.733933E-01
       931 -9.014987E-02 -3.168203E-01 -2.327993E-01
       932 -1.027100E-01 -3.278017E-01 -2.871283E-01
       933 -1.126499E-01 -3.167038E-01 -2.501236E-01
       934 -1.247604E-01 -3.289991E-01 -3.066269E-01
       935 -1.338878E-01 -3.169984E-01 -2.769299E-01
       936 -1.461305E-01 -3.293271E-01 -3.386685E-01
       937 -1.559175E-01 -3.171312E-01 -3.154328E-01
       938 -1.685999E-01 -3.296554E-01 -3.828449E-01
       939 -1.783974E-01 -3.179992E-01 -3.659982E-01
       940 -1.915728E-01 -3.308742E-01 -4.388885E-01
       941 -2.015711E-01 -3.196030E-01 -4.287902E-01
       942 -2.152165E-01 -3.329010E-01 -5.069396E-01
       943 -2.254074E-01 -3.220797E-01 -5.042167E-01
       944 -2.398395E-01 -3.359124E-01 -5.872863E-01
       945 -2.506418E-01 -3.255442E-01 -5.926837E-01
       946 -2.644044E-01 -3.399662E-01 -6.807049E-01
       947 -2.745161E-01 -3.300080E-01 -6.960272E-01
       948 -2.923920E-01 -3.447463E-01 -7.863835E-01
       949 -3.063964E-01 -3.346814E-01 -8.039684E-01
       950 -3.223306E-01 -3.492879E-01 -8.901494E-01
       951 -3.350645E-01 -3.389228E-01 -9.086105E-01
       952 -3.508826E-01 -3.533828E-01 -9.919622E-01
       953 -3.639217E-01 -3.427777E-01 -1.011051E+00
       954 -3.791408E-01 -3.571438E-01 -1.092321E+00
       955 -3.918227E-01 -3.464189E-01 -1.111813E+00
       956 -4.080878E-01 -3.607383E-01 -1.191373E+00
       957 -4.219413E-01 -3.499592E-01 -1.210888E+00
       958 -4.320970E-01 -3.643172E-01 -1.289789E+00
       959 -1.176205E-02 -3.605225E-01 -3.529533E-01
       960 -2.395339E-02 -3.466928E-01 -3.093568E-01
       961 -3.517039E-02 -3.599790E-01 -3.544455E-01
       962 -4.649790E-02 -3.449553E-01 -3.105273E-01
       963 -5.831225E-02 -3.588741E-01 -3.593039E-01
       964 -6.924715E-02 -3.437711E-01 -3.164420E-01
       965 -8.120443E-02 -3.578333E-01 -3.692215E-01
       966 -9.166231E-02 -3.426154E-01 -3.281908E-01
       967 -1.047572E-01 -3.560816E-01 -3.845644E-01
       968 -1.162608E-01 -3.413684E-01 -3.440254E-01
       969 -1.273862E-01 -3.527308E-01 -4.053878E-01
       970 -1.363514E-01 -3.404898E-01 -3.687622E-01
       971 -1.493015E-01 -3.516817E-01 -4.377638E-01
       972 -1.589872E-01 -3.405004E-01 -4.068965E-01
       973 -1.722512E-01 -3.521081E-01 -4.814162E-01
       974 -1.818056E-01 -3.412559E-01 -4.565206E-01
       975 -1.956411E-01 -3.531750E-01 -5.361435E-01
       976 -2.053315E-01 -3.428188E-01 -5.176674E-01
       977 -2.196530E-01 -3.551444E-01 -6.018510E-01
       978 -2.294670E-01 -3.453107E-01 -5.904271E-01
       979 -2.444768E-01 -3.579332E-01 -6.784990E-01
       980 -2.548264E-01 -3.487610E-01 -6.748173E-01
       981 -2.696951E-01 -3.624242E-01 -7.659762E-01
       982 -2.790492E-01 -3.539968E-01 -7.723583E-01
       983 -2.970140E-01 -3.690844E-01 -8.627305E-01
       984 -3.098398E-01 -3.594462E-01 -8.746147E-01
       985 -3.256458E-01 -3.741136E-01 -9.606476E-01
       986 -3.380327E-01 -3.637057E-01 -9.749983E-01
       987 -3.537886E-01 -3.780594E-01 -1.058528E+00
       988 -3.665272E-01 -3.676287E-01 -1.074460E+00
       989 -3.817340E-01 -3.818135E-01 -1.156171E+00
       990 -3.942055E-01 -3.712925E-01 -1.173129E+00
       991 -4.105192E-01 -3.854232E-01 -1.253359E+00
       992 -4.241909E-01 -3.748650E-01 -1.270752E+00
       993 -4.342292E-01 -3.890384E-01 -1.350535E+00
       994 -1.195920E-02 -3.892056E-01 -4.406087E-01
       995 -2.359249E-02 -3.747080E-01 -3.975458E-01
       996 -3.575841E-02 -3.886450E-01 -4.437831E-01
       997 -4.714747E-02 -3.739505E-01 -4.016632E-01
       998 -5.939438E-02 -3.878242E-01 -4.509932E-01
       999 -7.044623E-02 -3.729016E-01 -4.101798E-01
      1000 -8.295648E-02 -3.868350E-01 -4.631811E-01
      1001 -9.365403E-02 -3.718399E-01 -4.239346E-01
      1002 -1.063099E-01 -3.857888E-01 -4.811172E-01
      1003 -1.172757E-01 -3.700265E-01 -4.437470E-01
      1004 -1.295648E-01 -3.850846E-01 -5.062372E-01
      1005 -1.396131E-01 -3.685433E-01 -4.717971E-01
      1006 -1.528271E-01 -3.846528E-01 -5.399833E-01
      1007 -1.626249E-01 -3.684728E-01 -5.100483E-01
      1008 -1.762118E-01 -3.848736E-01 -5.835015E-01
      1009 -1.859778E-01 -3.691010E-01 -5.588719E-01
      1010 -2.000046E-01 -3.858603E-01 -6.368930E-01
      1011 -2.098718E-01 -3.705388E-01 -6.181430E-01
      1012 -2.243111E-01 -3.876077E-01 -7.000736E-01
      1013 -2.343830E-01 -3.728474E-01 -6.877270E-01
      1014 -2.492528E-01 -3.902283E-01 -7.727028E-01
      1015 -2.596991E-01 -3.760546E-01 -7.673299E-01
      1016 -2.750667E-01 -3.936909E-01 -8.540167E-01
      1017 -2.856197E-01 -3.807659E-01 -8.557633E-01
      1018 -3.017429E-01 -3.975455E-01 -9.418764E-01
      1019 -3.134541E-01 -3.857637E-01 -9.493586E-01
      1020 -3.290751E-01 -4.016263E-01 -1.033668E+00
      1021 -3.412837E-01 -3.898626E-01 -1.044768E+00
      1022 -3.568263E-01 -4.054718E-01 -1.127290E+00
      1023 -3.693224E-01 -3.936691E-01 -1.140764E+00
      1024 -3.844785E-01 -4.090730E-01 -1.221999E+00
      1025 -3.968156E-01 -3.972862E-01 -1.237068E+00
      1026 -4.131149E-01 -4.126227E-01 -1.317216E+00
      1027 -4.266709E-01 -4.008419E-01 -1.333122E+00
      1028 -4.372090E-01 -4.160348E-01 -1.413125E+00
      1029 -2.413863E-02 -3.974381E-01 -4.863823E-01
      1030 -4.815069E-02 -3.968556E-01 -4.922234E-01
      1031 -7.204000E-02 -3.960780E-01 -5.027848E-01
      1032 -9.582188E-02 -3.951582E-01 -5.188686E-01
      1033 -1.193300E-01 -3.942698E-01 -5.413778E-01
      1034 -1.428999E-01 -3.936636E-01 -5.715309E-01
      1035 -1.663899E-01 -3.935818E-01 -6.104239E-01
      1036 -1.901410E-01 -3.941800E-01 -6.585126E-01
      1037 -2.142643E-01 -3.954585E-01 -7.158528E-01
      1038 -2.389098E-01 -3.974755E-01 -7.822041E-01
      1039 -2.641839E-01 -4.003142E-01 -8.569556E-01
      1040 -2.903481E-01 -4.038238E-01 -9.388839E-01
      1041 -3.171237E-01 -4.076614E-01 -1.026034E+00
      1042 -3.445157E-01 -4.114345E-01 -1.116432E+00
      1043 -3.722285E-01 -4.150655E-01 -1.208876E+00
      1044 -3.995711E-01 -4.183643E-01 -1.302744E+00
      1045 -4.291467E-01 -4.223320E-01 -1.397235E+00
