
 displacements (vx,vy,vz) for set NSET_ALL and time  0.1000000E+01

         1  0.000000E+00  0.000000E+00  0.000000E+00
         2  0.000000E+00 -4.166715E-01 -3.564154E-01
         3 -4.178004E-01 -4.182325E-01 -6.655159E-01
         4 -4.142990E-01  0.000000E+00 -3.022189E-01
         5  0.000000E+00 -2.309223E-02 -9.115719E-05
         6  0.000000E+00 -4.617562E-02 -4.885898E-04
         7  0.000000E+00 -6.925507E-02 -1.257841E-03
         8  0.000000E+00 -9.234228E-02 -2.406359E-03
         9  0.000000E+00 -1.156204E-01 -3.610928E-03
        10  0.000000E+00 -1.389662E-01 -3.651316E-03
        11  0.000000E+00 -1.592240E-01 -1.117356E-02
        12  0.000000E+00 -1.798171E-01 -3.577312E-02
        13  0.000000E+00 -2.038157E-01 -6.739388E-02
        14  0.000000E+00 -2.277356E-01 -9.727289E-02
        15  0.000000E+00 -2.513948E-01 -1.268154E-01
        16  0.000000E+00 -2.749793E-01 -1.568572E-01
        17  0.000000E+00 -2.985239E-01 -1.878761E-01
        18  0.000000E+00 -3.220846E-01 -2.200500E-01
        19  0.000000E+00 -3.456664E-01 -2.533036E-01
        20  0.000000E+00 -3.693321E-01 -2.873722E-01
        21  0.000000E+00 -3.926016E-01 -3.219005E-01
        22  0.000000E+00 -1.154655E-02 -4.966115E-05
        23  0.000000E+00 -3.463637E-02 -3.032654E-04
        24  0.000000E+00 -5.771360E-02 -8.715076E-04
        25  0.000000E+00 -8.080570E-02 -1.854142E-03
        26  0.000000E+00 -1.038344E-01 -3.129450E-03
        27  0.000000E+00 -1.278791E-01 -3.911221E-03
        28  0.000000E+00 -1.498185E-01 -4.928338E-03
        29  0.000000E+00 -1.687018E-01 -2.104131E-02
        30  0.000000E+00 -1.912448E-01 -5.194170E-02
        31  0.000000E+00 -2.159311E-01 -8.250217E-02
        32  0.000000E+00 -2.395610E-01 -1.120812E-01
        33  0.000000E+00 -2.632030E-01 -1.417886E-01
        34  0.000000E+00 -2.867561E-01 -1.722775E-01
        35  0.000000E+00 -3.102995E-01 -2.038658E-01
        36  0.000000E+00 -3.339081E-01 -2.365961E-01
        37  0.000000E+00 -3.573556E-01 -2.702997E-01
        38  0.000000E+00 -3.817765E-01 -3.046100E-01
        39  0.000000E+00 -4.013309E-01 -3.393258E-01
        40 -2.352789E-02 -4.166127E-01 -3.569131E-01
        41 -4.703724E-02 -4.164368E-01 -3.584314E-01
        42 -7.050570E-02 -4.161495E-01 -3.610489E-01
        43 -9.390802E-02 -4.157687E-01 -3.649044E-01
        44 -1.172285E-01 -4.153279E-01 -3.701926E-01
        45 -1.404787E-01 -4.148570E-01 -3.771352E-01
        46 -1.636760E-01 -4.143575E-01 -3.859419E-01
        47 -1.868237E-01 -4.137842E-01 -3.968406E-01
        48 -2.098084E-01 -4.131187E-01 -4.101508E-01
        49 -2.324602E-01 -4.125522E-01 -4.264476E-01
        50 -2.547792E-01 -4.124352E-01 -4.464359E-01
        51 -2.771648E-01 -4.129535E-01 -4.704240E-01
        52 -3.000161E-01 -4.139537E-01 -4.980453E-01
        53 -3.233309E-01 -4.150803E-01 -5.284869E-01
        54 -3.469199E-01 -4.161600E-01 -5.609778E-01
        55 -3.706847E-01 -4.169755E-01 -5.949527E-01
        56 -3.940366E-01 -4.184186E-01 -6.299208E-01
        57 -1.176573E-02 -4.061963E-01 -3.569317E-01
        58 -3.528795E-02 -4.060790E-01 -3.579378E-01
        59 -5.878072E-02 -4.058467E-01 -3.600014E-01
        60 -8.221897E-02 -4.055099E-01 -3.632321E-01
        61 -1.055841E-01 -4.050909E-01 -3.677958E-01
        62 -1.288699E-01 -4.046252E-01 -3.739005E-01
        63 -1.520894E-01 -4.041440E-01 -3.817685E-01
        64 -1.752721E-01 -4.036251E-01 -3.916104E-01
        65 -1.983403E-01 -4.030303E-01 -4.036976E-01
        66 -2.211979E-01 -4.023127E-01 -4.184760E-01
        67 -2.436767E-01 -4.017287E-01 -4.365396E-01
        68 -2.659189E-01 -4.019264E-01 -4.585339E-01
        69 -2.885319E-01 -4.029290E-01 -4.844274E-01
        70 -3.116521E-01 -4.040828E-01 -5.134966E-01
        71 -3.351307E-01 -4.052022E-01 -5.449975E-01
        72 -3.586767E-01 -4.060412E-01 -5.782764E-01
        73 -3.830989E-01 -4.070880E-01 -6.127509E-01
        74 -4.032293E-01 -4.089141E-01 -6.481540E-01
        75 -4.182470E-01 -3.943607E-01 -6.270978E-01
        76 -4.170679E-01 -3.709083E-01 -5.893358E-01
        77 -4.165426E-01 -3.470426E-01 -5.526742E-01
        78 -4.158264E-01 -3.233254E-01 -5.175499E-01
        79 -4.151438E-01 -2.997182E-01 -4.843095E-01
        80 -4.144635E-01 -2.762160E-01 -4.532223E-01
        81 -4.137780E-01 -2.528040E-01 -4.244732E-01
        82 -4.130262E-01 -2.294891E-01 -3.982340E-01
        83 -4.121813E-01 -2.063936E-01 -3.747483E-01
        84 -4.114231E-01 -1.837004E-01 -3.544931E-01
        85 -4.110840E-01 -1.614323E-01 -3.380633E-01
        86 -4.113396E-01 -1.392086E-01 -3.256747E-01
        87 -4.120350E-01 -1.166197E-01 -3.168904E-01
        88 -4.128248E-01 -9.362872E-02 -3.108483E-01
        89 -4.134752E-01 -7.037278E-02 -3.067742E-01
        90 -4.139362E-01 -4.697810E-02 -3.041610E-01
        91 -4.142096E-01 -2.350332E-02 -3.026928E-01
        92 -4.086115E-01 -4.036103E-01 -6.467272E-01
        93 -4.070461E-01 -3.833755E-01 -6.084920E-01
        94 -4.062708E-01 -3.588544E-01 -5.712754E-01
        95 -4.057505E-01 -3.352048E-01 -5.353461E-01
        96 -4.050099E-01 -3.115127E-01 -5.011457E-01
        97 -4.043371E-01 -2.879636E-01 -4.689665E-01
        98 -4.036620E-01 -2.645086E-01 -4.390424E-01
        99 -4.029586E-01 -2.411320E-01 -4.115368E-01
       100 -4.021824E-01 -2.179275E-01 -3.866581E-01
       101 -4.012829E-01 -1.949928E-01 -3.647683E-01
       102 -4.004954E-01 -1.725161E-01 -3.463522E-01
       103 -4.004472E-01 -1.503755E-01 -3.319485E-01
       104 -4.011503E-01 -1.279768E-01 -3.214486E-01
       105 -4.019961E-01 -1.051565E-01 -3.140734E-01
       106 -4.027141E-01 -8.203329E-02 -3.090515E-01
       107 -4.032741E-01 -5.869108E-02 -3.057335E-01
       108 -4.036395E-01 -3.524925E-02 -3.037029E-01
       109 -4.038182E-01 -1.175399E-02 -3.027367E-01
       110 -3.901761E-01  0.000000E+00 -2.666442E-01
       111 -3.668606E-01  0.000000E+00 -2.312599E-01
       112 -3.431634E-01  0.000000E+00 -1.967044E-01
       113 -3.195766E-01  0.000000E+00 -1.633395E-01
       114 -2.957217E-01  0.000000E+00 -1.308766E-01
       115 -2.718027E-01  0.000000E+00 -9.797916E-02
       116 -2.505735E-01  0.000000E+00 -7.095176E-02
       117 -2.295987E-01  0.000000E+00 -5.714774E-02
       118 -2.061513E-01  0.000000E+00 -4.881135E-02
       119 -1.827712E-01  0.000000E+00 -3.924439E-02
       120 -1.597570E-01  0.000000E+00 -2.987644E-02
       121 -1.368332E-01  0.000000E+00 -2.150068E-02
       122 -1.139982E-01  0.000000E+00 -1.445316E-02
       123 -9.120493E-02  0.000000E+00 -8.895058E-03
       124 -6.842120E-02  0.000000E+00 -4.805832E-03
       125 -4.562716E-02  0.000000E+00 -2.054017E-03
       126 -2.281815E-02  0.000000E+00 -4.824584E-04
       127 -3.989350E-01  0.000000E+00 -2.845903E-01
       128 -3.793260E-01  0.000000E+00 -2.488886E-01
       129 -3.548756E-01  0.000000E+00 -2.139004E-01
       130 -3.313730E-01  0.000000E+00 -1.799192E-01
       131 -3.078540E-01  0.000000E+00 -1.471198E-01
       132 -2.831451E-01  0.000000E+00 -1.148746E-01
       133 -2.602395E-01  0.000000E+00 -8.209813E-02
       134 -2.409418E-01  0.000000E+00 -6.167742E-02
       135 -2.185176E-01  0.000000E+00 -5.348778E-02
       136 -1.942492E-01  0.000000E+00 -4.415400E-02
       137 -1.712776E-01  0.000000E+00 -3.452609E-02
       138 -1.482742E-01  0.000000E+00 -2.559333E-02
       139 -1.254109E-01  0.000000E+00 -1.784768E-02
       140 -1.025975E-01  0.000000E+00 -1.153666E-02
       141 -7.981552E-02  0.000000E+00 -6.723944E-03
       142 -5.702772E-02  0.000000E+00 -3.324364E-03
       143 -3.422287E-02  0.000000E+00 -1.183117E-03
       144 -1.140947E-02  0.000000E+00 -1.472882E-04
       145 -2.282147E-02 -2.309588E-02 -5.854845E-04
       146 -4.563472E-02 -2.311085E-02 -2.106019E-03
       147 -6.842982E-02 -2.313563E-02 -4.772557E-03
       148 -9.120185E-02 -2.315254E-02 -8.786467E-03
       149 -1.139782E-01 -2.314126E-02 -1.433684E-02
       150 -1.367949E-01 -2.309236E-02 -2.146287E-02
       151 -1.596946E-01 -2.300441E-02 -3.002447E-02
       152 -1.826958E-01 -2.287498E-02 -3.969290E-02
       153 -2.058544E-01 -2.261991E-02 -5.003178E-02
       154 -2.290312E-01 -2.184042E-02 -6.049437E-02
       155 -2.506570E-01 -2.126383E-02 -7.575945E-02
       156 -2.724588E-01 -2.194149E-02 -1.010123E-01
       157 -2.959860E-01 -2.279184E-02 -1.316114E-01
       158 -3.195438E-01 -2.305731E-02 -1.633307E-01
       159 -3.430840E-01 -2.315019E-02 -1.966203E-01
       160 -3.667572E-01 -2.321793E-02 -2.313008E-01
       161 -3.900757E-01 -2.332561E-02 -2.668939E-01
       162 -2.283859E-02 -4.618807E-02 -9.364134E-04
       163 -4.567031E-02 -4.622554E-02 -2.284374E-03
       164 -6.846965E-02 -4.627380E-02 -4.663448E-03
       165 -9.120820E-02 -4.630913E-02 -8.411325E-03
       166 -1.139198E-01 -4.629382E-02 -1.389651E-02
       167 -1.366691E-01 -4.619702E-02 -2.127156E-02
       168 -1.595149E-01 -4.604245E-02 -3.035644E-02
       169 -1.824855E-01 -4.584674E-02 -4.076833E-02
       170 -2.054348E-01 -4.563681E-02 -5.237461E-02
       171 -2.283013E-01 -4.527531E-02 -6.566089E-02
       172 -2.507691E-01 -4.508185E-02 -8.263862E-02
       173 -2.732762E-01 -4.551959E-02 -1.051534E-01
       174 -2.962544E-01 -4.603157E-02 -1.323224E-01
       175 -3.193986E-01 -4.625381E-02 -1.628654E-01
       176 -3.428037E-01 -4.636190E-02 -1.961738E-01
       177 -3.664253E-01 -4.644154E-02 -2.313847E-01
       178 -3.897654E-01 -4.662507E-02 -2.676635E-01
       179 -2.285167E-02 -6.924914E-02 -1.664305E-03
       180 -4.569752E-02 -6.923554E-02 -2.825610E-03
       181 -6.860895E-02 -6.945600E-02 -4.475530E-03
       182 -9.120216E-02 -6.967435E-02 -7.469446E-03
       183 -1.138279E-01 -6.962811E-02 -1.284220E-02
       184 -1.364892E-01 -6.952349E-02 -2.056464E-02
       185 -1.591864E-01 -6.915126E-02 -3.069120E-02
       186 -1.822515E-01 -6.877787E-02 -4.222258E-02
       187 -2.052303E-01 -6.867146E-02 -5.448115E-02
       188 -2.280960E-01 -6.866303E-02 -6.836719E-02
       189 -2.508054E-01 -6.881042E-02 -8.513337E-02
       190 -2.734344E-01 -6.907884E-02 -1.058810E-01
       191 -2.962545E-01 -6.959127E-02 -1.308548E-01
       192 -3.189326E-01 -6.977240E-02 -1.608188E-01
       193 -3.422685E-01 -6.959823E-02 -1.950429E-01
       194 -3.658329E-01 -6.964449E-02 -2.314684E-01
       195 -3.892275E-01 -6.985822E-02 -2.690547E-01
       196 -2.278358E-02 -9.228197E-02 -2.974342E-03
       197 -4.583000E-02 -9.223851E-02 -4.095937E-03
       198 -6.908081E-02 -9.248543E-02 -4.237635E-03
       199 -9.134241E-02 -9.275437E-02 -5.536868E-03
       200 -1.137079E-01 -9.274808E-02 -1.057981E-02
       201 -1.361000E-01 -9.256960E-02 -1.886243E-02
       202 -1.584787E-01 -9.210310E-02 -3.099108E-02
       203 -1.819270E-01 -9.170000E-02 -4.429943E-02
       204 -2.051894E-01 -9.170591E-02 -5.651933E-02
       205 -2.281044E-01 -9.190589E-02 -6.947904E-02
       206 -2.508181E-01 -9.218354E-02 -8.483825E-02
       207 -2.735661E-01 -9.258320E-02 -1.036014E-01
       208 -2.963089E-01 -9.337449E-02 -1.257237E-01
       209 -3.178473E-01 -9.346685E-02 -1.557477E-01
       210 -3.412411E-01 -9.288185E-02 -1.929620E-01
       211 -3.649876E-01 -9.277935E-02 -2.317177E-01
       212 -3.884491E-01 -9.298977E-02 -2.713209E-01
       213 -2.258866E-02 -1.155031E-01 -4.725511E-03
       214 -4.543484E-02 -1.148774E-01 -7.538361E-03
       215 -6.881743E-02 -1.138526E-01 -9.495548E-03
       216 -9.117082E-02 -1.131025E-01 -1.179716E-02
       217 -1.136415E-01 -1.128263E-01 -1.718687E-02
       218 -1.361058E-01 -1.129130E-01 -2.526202E-02
       219 -1.585469E-01 -1.134579E-01 -3.670907E-02
       220 -1.820722E-01 -1.141180E-01 -4.879794E-02
       221 -2.053814E-01 -1.145507E-01 -5.918126E-02
       222 -2.283725E-01 -1.151589E-01 -6.952192E-02
       223 -2.508183E-01 -1.157279E-01 -8.235955E-02
       224 -2.735476E-01 -1.159620E-01 -9.924588E-02
       225 -2.960658E-01 -1.160877E-01 -1.195028E-01
       226 -3.166898E-01 -1.161074E-01 -1.502206E-01
       227 -3.400420E-01 -1.160720E-01 -1.905996E-01
       228 -3.638758E-01 -1.158776E-01 -2.325636E-01
       229 -3.875135E-01 -1.158912E-01 -2.750794E-01
       230 -2.210107E-02 -1.387671E-01 -5.868531E-03
       231 -4.416003E-02 -1.378765E-01 -1.302491E-02
       232 -6.769060E-02 -1.366885E-01 -2.096357E-02
       233 -9.075952E-02 -1.360721E-01 -2.693297E-02
       234 -1.136584E-01 -1.359223E-01 -3.314944E-02
       235 -1.365191E-01 -1.359415E-01 -4.020002E-02
       236 -1.593895E-01 -1.363371E-01 -4.833907E-02
       237 -1.826486E-01 -1.368560E-01 -5.641996E-02
       238 -2.059670E-01 -1.373379E-01 -6.321335E-02
       239 -2.292540E-01 -1.383659E-01 -6.847377E-02
       240 -2.509630E-01 -1.392633E-01 -7.697311E-02
       241 -2.728930E-01 -1.393285E-01 -9.307739E-02
       242 -2.950868E-01 -1.387234E-01 -1.152002E-01
       243 -3.161809E-01 -1.386832E-01 -1.471572E-01
       244 -3.390587E-01 -1.392025E-01 -1.883731E-01
       245 -3.622572E-01 -1.388607E-01 -2.343771E-01
       246 -3.864528E-01 -1.385823E-01 -2.813420E-01
       247 -2.171644E-02 -1.592243E-01 -1.417187E-02
       248 -4.336868E-02 -1.592524E-01 -2.418188E-02
       249 -6.715592E-02 -1.592496E-01 -3.552582E-02
       250 -9.067687E-02 -1.591768E-01 -4.312881E-02
       251 -1.137417E-01 -1.591279E-01 -4.937876E-02
       252 -1.367615E-01 -1.591663E-01 -5.544106E-02
       253 -1.598410E-01 -1.592838E-01 -6.138303E-02
       254 -1.830521E-01 -1.594699E-01 -6.666993E-02
       255 -2.065773E-01 -1.596954E-01 -7.028796E-02
       256 -2.300970E-01 -1.600727E-01 -7.088144E-02
       257 -2.510179E-01 -1.602833E-01 -7.597927E-02
       258 -2.720798E-01 -1.598923E-01 -9.302997E-02
       259 -2.941068E-01 -1.592397E-01 -1.190003E-01
       260 -3.161049E-01 -1.592081E-01 -1.526646E-01
       261 -3.385556E-01 -1.596910E-01 -1.938172E-01
       262 -3.612768E-01 -1.602106E-01 -2.423766E-01
       263 -3.858919E-01 -1.608266E-01 -2.922397E-01
       264 -2.201970E-02 -1.800124E-01 -3.818728E-02
       265 -4.403011E-02 -1.809233E-01 -4.591629E-02
       266 -6.748245E-02 -1.818367E-01 -5.493454E-02
       267 -9.079945E-02 -1.820860E-01 -6.157973E-02
       268 -1.139251E-01 -1.821457E-01 -6.705865E-02
       269 -1.370105E-01 -1.821578E-01 -7.199017E-02
       270 -1.601394E-01 -1.821555E-01 -7.645263E-02
       271 -1.833751E-01 -1.821464E-01 -8.000765E-02
       272 -2.068524E-01 -1.821075E-01 -8.184100E-02
       273 -2.303004E-01 -1.819449E-01 -8.081191E-02
       274 -2.506028E-01 -1.815698E-01 -8.608379E-02
       275 -2.711100E-01 -1.806565E-01 -1.071713E-01
       276 -2.936360E-01 -1.798384E-01 -1.382210E-01
       277 -3.163735E-01 -1.798094E-01 -1.741402E-01
       278 -3.391782E-01 -1.803433E-01 -2.151588E-01
       279 -3.622705E-01 -1.817265E-01 -2.616787E-01
       280 -3.864984E-01 -1.831405E-01 -3.093831E-01
       281 -2.248113E-02 -2.039226E-01 -6.880654E-02
       282 -4.504211E-02 -2.044160E-01 -7.283636E-02
       283 -6.806308E-02 -2.049366E-01 -7.786806E-02
       284 -9.111309E-02 -2.051492E-01 -8.244223E-02
       285 -1.141948E-01 -2.052377E-01 -8.653544E-02
       286 -1.372448E-01 -2.052019E-01 -9.032139E-02
       287 -1.603520E-01 -2.050649E-01 -9.380711E-02
       288 -1.835737E-01 -2.048513E-01 -9.652585E-02
       289 -2.070010E-01 -2.045761E-01 -9.774010E-02
       290 -2.303192E-01 -2.041887E-01 -9.669265E-02
       291 -2.502133E-01 -2.038171E-01 -1.034878E-01
       292 -2.702985E-01 -2.034667E-01 -1.290428E-01
       293 -2.935202E-01 -2.033025E-01 -1.648261E-01
       294 -3.168732E-01 -2.035451E-01 -2.028417E-01
       295 -3.402274E-01 -2.040706E-01 -2.436695E-01
       296 -3.638323E-01 -2.050326E-01 -2.870711E-01
       297 -3.875685E-01 -2.059891E-01 -3.313166E-01
       298 -2.272430E-02 -2.278103E-01 -9.803678E-02
       299 -4.554043E-02 -2.279882E-01 -1.000489E-01
       300 -6.850141E-02 -2.281950E-01 -1.026307E-01
       301 -9.152774E-02 -2.283637E-01 -1.051734E-01
       302 -1.145303E-01 -2.284169E-01 -1.076097E-01
       303 -1.374760E-01 -2.283116E-01 -1.103026E-01
       304 -1.604891E-01 -2.280497E-01 -1.133384E-01
       305 -1.836715E-01 -2.276582E-01 -1.160824E-01
       306 -2.070827E-01 -2.271931E-01 -1.175789E-01
       307 -2.303531E-01 -2.266800E-01 -1.171525E-01
       308 -2.501849E-01 -2.263390E-01 -1.251747E-01
       309 -2.701935E-01 -2.264257E-01 -1.529125E-01
       310 -2.936922E-01 -2.267516E-01 -1.910204E-01
       311 -3.173213E-01 -2.271693E-01 -2.304137E-01
       312 -3.409576E-01 -2.277344E-01 -2.714714E-01
       313 -3.648326E-01 -2.284026E-01 -3.136761E-01
       314 -3.884833E-01 -2.290510E-01 -3.562016E-01
       315 -2.290848E-02 -2.514181E-01 -1.271397E-01
       316 -4.586830E-02 -2.514755E-01 -1.279601E-01
       317 -6.892441E-02 -2.515487E-01 -1.288486E-01
       318 -9.197955E-02 -2.516013E-01 -1.294470E-01
       319 -1.150131E-01 -2.517765E-01 -1.297523E-01
       320 -1.377001E-01 -2.517936E-01 -1.310966E-01
       321 -1.604619E-01 -2.512035E-01 -1.346008E-01
       322 -1.836975E-01 -2.504663E-01 -1.385656E-01
       323 -2.071489E-01 -2.498711E-01 -1.410705E-01
       324 -2.304827E-01 -2.492740E-01 -1.415106E-01
       325 -2.503501E-01 -2.489682E-01 -1.503452E-01
       326 -2.704884E-01 -2.494490E-01 -1.786258E-01
       327 -2.939552E-01 -2.502272E-01 -2.174094E-01
       328 -3.176415E-01 -2.506066E-01 -2.581135E-01
       329 -3.415782E-01 -2.510281E-01 -2.999662E-01
       330 -3.655968E-01 -2.516870E-01 -3.418574E-01
       331 -3.892855E-01 -2.523034E-01 -3.835001E-01
       332 -2.303461E-02 -2.749656E-01 -1.569299E-01
       333 -4.611897E-02 -2.749224E-01 -1.570133E-01
       334 -6.928382E-02 -2.748489E-01 -1.567150E-01
       335 -9.262315E-02 -2.748166E-01 -1.553968E-01
       336 -1.160411E-01 -2.751872E-01 -1.521114E-01
       337 -1.379160E-01 -2.753537E-01 -1.510225E-01
       338 -1.598767E-01 -2.744123E-01 -1.567861E-01
       339 -1.835116E-01 -2.732727E-01 -1.641652E-01
       340 -2.072563E-01 -2.725463E-01 -1.684154E-01
       341 -2.306934E-01 -2.718818E-01 -1.698781E-01
       342 -2.508741E-01 -2.716395E-01 -1.789900E-01
       343 -2.713484E-01 -2.723581E-01 -2.059572E-01
       344 -2.942636E-01 -2.733582E-01 -2.438293E-01
       345 -3.175230E-01 -2.738710E-01 -2.863486E-01
       346 -3.419573E-01 -2.743039E-01 -3.301156E-01
       347 -3.662973E-01 -2.749628E-01 -3.721075E-01
       348 -3.900004E-01 -2.756358E-01 -4.130851E-01
       349 -2.312498E-02 -2.984824E-01 -1.878372E-01
       350 -4.629849E-02 -2.983516E-01 -1.875961E-01
       351 -6.953789E-02 -2.981134E-01 -1.867878E-01
       352 -9.315125E-02 -2.977308E-01 -1.844769E-01
       353 -1.168956E-01 -2.971427E-01 -1.789336E-01
       354 -1.381480E-01 -2.965463E-01 -1.763914E-01
       355 -1.594909E-01 -2.961831E-01 -1.841390E-01
       356 -1.834534E-01 -2.958120E-01 -1.943405E-01
       357 -2.074658E-01 -2.952267E-01 -2.001912E-01
       358 -2.309799E-01 -2.944971E-01 -2.027735E-01
       359 -2.512795E-01 -2.939789E-01 -2.127314E-01
       360 -2.718826E-01 -2.938849E-01 -2.401787E-01
       361 -2.949012E-01 -2.943914E-01 -2.781397E-01
       362 -3.182300E-01 -2.957478E-01 -3.203792E-01
       363 -3.427002E-01 -2.972348E-01 -3.635929E-01
       364 -3.670437E-01 -2.982685E-01 -4.048613E-01
       365 -3.907209E-01 -2.990595E-01 -4.450140E-01
       366 -2.318927E-02 -3.220230E-01 -2.200198E-01
       367 -4.640898E-02 -3.218268E-01 -2.198498E-01
       368 -6.967822E-02 -3.214608E-01 -2.192898E-01
       369 -9.308816E-02 -3.208010E-01 -2.178784E-01
       370 -1.165455E-01 -3.194184E-01 -2.148427E-01
       371 -1.384328E-01 -3.181846E-01 -2.144107E-01
       372 -1.603913E-01 -3.183126E-01 -2.212580E-01
       373 -1.840175E-01 -3.185667E-01 -2.302691E-01
       374 -2.077827E-01 -3.180615E-01 -2.366892E-01
       375 -2.313372E-01 -3.172668E-01 -2.405125E-01
       376 -2.515639E-01 -3.168311E-01 -2.519327E-01
       377 -2.721070E-01 -3.170983E-01 -2.815826E-01
       378 -2.958944E-01 -3.179317E-01 -3.204896E-01
       379 -3.197845E-01 -3.193308E-01 -3.602890E-01
       380 -3.438266E-01 -3.207105E-01 -4.004625E-01
       381 -3.678622E-01 -3.217372E-01 -4.401006E-01
       382 -3.914652E-01 -3.226098E-01 -4.791707E-01
       383 -2.324300E-02 -3.455948E-01 -2.533684E-01
       384 -4.649177E-02 -3.453732E-01 -2.535376E-01
       385 -6.975967E-02 -3.449696E-01 -2.537319E-01
       386 -9.295403E-02 -3.443776E-01 -2.539908E-01
       387 -1.160652E-01 -3.434532E-01 -2.546257E-01
       388 -1.387774E-01 -3.425722E-01 -2.571670E-01
       389 -1.615226E-01 -3.422616E-01 -2.628799E-01
       390 -1.847056E-01 -3.419437E-01 -2.702609E-01
       391 -2.081826E-01 -3.412328E-01 -2.773551E-01
       392 -2.316587E-01 -3.401349E-01 -2.831273E-01
       393 -2.521931E-01 -3.394756E-01 -2.961606E-01
       394 -2.730045E-01 -3.403219E-01 -3.258876E-01
       395 -2.969520E-01 -3.417857E-01 -3.636553E-01
       396 -3.209419E-01 -3.430729E-01 -4.013064E-01
       397 -3.447743E-01 -3.442867E-01 -4.392707E-01
       398 -3.687025E-01 -3.453634E-01 -4.773386E-01
       399 -3.922176E-01 -3.462749E-01 -5.152229E-01
       400 -2.330625E-02 -3.692598E-01 -2.875757E-01
       401 -4.660301E-02 -3.690415E-01 -2.881932E-01
       402 -6.988333E-02 -3.686651E-01 -2.892658E-01
       403 -9.310432E-02 -3.681323E-01 -2.909421E-01
       404 -1.162138E-01 -3.675124E-01 -2.936263E-01
       405 -1.392039E-01 -3.668996E-01 -2.979362E-01
       406 -1.621801E-01 -3.663139E-01 -3.042057E-01
       407 -1.852426E-01 -3.656663E-01 -3.121316E-01
       408 -2.084282E-01 -3.647705E-01 -3.211632E-01
       409 -2.315458E-01 -3.632975E-01 -3.310429E-01
       410 -2.530220E-01 -3.624310E-01 -3.470288E-01
       411 -2.747187E-01 -3.636112E-01 -3.745141E-01
       412 -2.982746E-01 -3.654908E-01 -4.083593E-01
       413 -3.219665E-01 -3.669210E-01 -4.434149E-01
       414 -3.456691E-01 -3.681415E-01 -4.794068E-01
       415 -3.694845E-01 -3.691999E-01 -5.159561E-01
       416 -3.928371E-01 -3.700963E-01 -5.527305E-01
       417 -2.339722E-02 -3.925349E-01 -3.222533E-01
       418 -4.677839E-02 -3.923350E-01 -3.233326E-01
       419 -7.012503E-02 -3.920056E-01 -3.252161E-01
       420 -9.341412E-02 -3.915603E-01 -3.280712E-01
       421 -1.166268E-01 -3.910368E-01 -3.321685E-01
       422 -1.397613E-01 -3.904877E-01 -3.378409E-01
       423 -1.628416E-01 -3.899249E-01 -3.453254E-01
       424 -1.858955E-01 -3.892726E-01 -3.546577E-01
       425 -2.088095E-01 -3.884984E-01 -3.660180E-01
       426 -2.315732E-01 -3.875707E-01 -3.800588E-01
       427 -2.539278E-01 -3.871447E-01 -3.987956E-01
       428 -2.764046E-01 -3.879480E-01 -4.238306E-01
       429 -2.994757E-01 -3.892982E-01 -4.536170E-01
       430 -3.228218E-01 -3.905459E-01 -4.860642E-01
       431 -3.464024E-01 -3.917033E-01 -5.202035E-01
       432 -3.701326E-01 -3.926304E-01 -5.553879E-01
       433 -3.936026E-01 -3.936652E-01 -5.911762E-01
       434 -1.141136E-02 -2.309329E-02 -2.709919E-04
       435 -2.281850E-02 -1.154796E-02 -5.638507E-04
       436 -3.423291E-02 -2.310514E-02 -1.259121E-03
       437 -4.562977E-02 -1.155693E-02 -2.116312E-03
       438 -5.703166E-02 -2.312240E-02 -3.335269E-03
       439 -6.841890E-02 -1.156314E-02 -4.850649E-03
       440 -7.981362E-02 -2.312907E-02 -6.656595E-03
       441 -9.120508E-02 -1.156461E-02 -8.922786E-03
       442 -1.025901E-01 -2.312837E-02 -1.142500E-02
       443 -1.139928E-01 -1.156047E-02 -1.448072E-02
       444 -1.253774E-01 -2.309770E-02 -1.776964E-02
       445 -1.368274E-01 -1.153285E-02 -2.154680E-02
       446 -1.482345E-01 -2.303973E-02 -2.564261E-02
       447 -1.597283E-01 -1.149991E-02 -2.997848E-02
       448 -1.711976E-01 -2.293177E-02 -3.479940E-02
       449 -1.828309E-01 -1.141582E-02 -3.939745E-02
       450 -1.941975E-01 -2.286364E-02 -4.486188E-02
       451 -2.056883E-01 -1.134715E-02 -4.934327E-02
       452 -2.177336E-01 -2.209271E-02 -5.531787E-02
       453 -2.309930E-01 -1.054507E-02 -5.783311E-02
       454 -2.401997E-01 -1.985685E-02 -6.676885E-02
       455 -2.505800E-01 -9.736406E-03 -7.143115E-02
       456 -2.611563E-01 -1.991044E-02 -8.700063E-02
       457 -2.704276E-01 -1.059441E-02 -9.865346E-02
       458 -2.839317E-01 -2.222955E-02 -1.162723E-01
       459 -2.961880E-01 -1.142407E-02 -1.312754E-01
       460 -3.078255E-01 -2.302935E-02 -1.473477E-01
       461 -3.194814E-01 -1.149675E-02 -1.633839E-01
       462 -3.313360E-01 -2.309363E-02 -1.798321E-01
       463 -3.432497E-01 -1.157625E-02 -1.967383E-01
       464 -3.547729E-01 -2.318736E-02 -2.138594E-01
       465 -3.664163E-01 -1.160687E-02 -2.313248E-01
       466 -3.792231E-01 -2.326305E-02 -2.490298E-01
       467 -3.920678E-01 -1.166413E-02 -2.666669E-01
       468 -3.988394E-01 -2.340568E-02 -2.849543E-01
       469 -1.142049E-02 -4.618180E-02 -6.490230E-04
       470 -2.282969E-02 -3.464625E-02 -7.716013E-04
       471 -3.424692E-02 -4.619014E-02 -1.549393E-03
       472 -4.564512E-02 -3.466691E-02 -2.223708E-03
       473 -5.708966E-02 -4.625657E-02 -3.386090E-03
       474 -6.846442E-02 -3.472027E-02 -4.779351E-03
       475 -7.985926E-02 -4.637877E-02 -6.367984E-03
       476 -9.119955E-02 -3.476319E-02 -8.694943E-03
       477 -1.025539E-01 -4.641849E-02 -1.095377E-02
       478 -1.139538E-01 -3.474225E-02 -1.422676E-02
       479 -1.252959E-01 -4.636335E-02 -1.738618E-02
       480 -1.367479E-01 -3.467499E-02 -2.145374E-02
       481 -1.480654E-01 -4.620846E-02 -2.564973E-02
       482 -1.595984E-01 -3.453788E-02 -3.023117E-02
       483 -1.709736E-01 -4.595859E-02 -3.547513E-02
       484 -1.826130E-01 -3.433854E-02 -4.023781E-02
       485 -1.939955E-01 -4.570542E-02 -4.645768E-02
       486 -2.056217E-01 -3.413688E-02 -5.116433E-02
       487 -2.168651E-01 -4.547173E-02 -5.869797E-02
       488 -2.288114E-01 -3.327441E-02 -6.348202E-02
       489 -2.395010E-01 -4.549376E-02 -7.370876E-02
       490 -2.507325E-01 -3.254467E-02 -8.012347E-02
       491 -2.620491E-01 -4.560884E-02 -9.339699E-02
       492 -2.727466E-01 -3.343572E-02 -1.035986E-01
       493 -2.847811E-01 -4.582925E-02 -1.182462E-01
       494 -2.961806E-01 -3.442076E-02 -1.321068E-01
       495 -3.077766E-01 -4.620269E-02 -1.472290E-01
       496 -3.194586E-01 -3.463850E-02 -1.632762E-01
       497 -3.310998E-01 -4.634306E-02 -1.792790E-01
       498 -3.430646E-01 -3.474604E-02 -1.965079E-01
       499 -3.544615E-01 -4.638277E-02 -2.136472E-01
       500 -3.662054E-01 -3.482955E-02 -2.313964E-01
       501 -3.788960E-01 -4.651338E-02 -2.494494E-01
       502 -3.918627E-01 -3.497870E-02 -2.671718E-01
       503 -3.985472E-01 -4.677781E-02 -2.860824E-01
       504 -1.141560E-02 -6.923311E-02 -1.421980E-03
       505 -2.283536E-02 -5.770737E-02 -1.299488E-03
       506 -3.430278E-02 -6.926117E-02 -2.214868E-03
       507 -4.571800E-02 -5.776375E-02 -2.532514E-03
       508 -5.711551E-02 -6.930258E-02 -3.544159E-03
       509 -6.840290E-02 -5.778246E-02 -4.633290E-03
       510 -7.986453E-02 -6.916798E-02 -5.909224E-03
       511 -9.123138E-02 -5.778275E-02 -8.106397E-03
       512 -1.025482E-01 -6.918351E-02 -9.988313E-03
       513 -1.138783E-01 -5.779564E-02 -1.352961E-02
       514 -1.251185E-01 -6.910748E-02 -1.653498E-02
       515 -1.365616E-01 -5.765046E-02 -2.108269E-02
       516 -1.478720E-01 -6.893736E-02 -2.556243E-02
       517 -1.594957E-01 -5.750965E-02 -3.058204E-02
       518 -1.707583E-01 -6.892040E-02 -3.633629E-02
       519 -1.823267E-01 -5.735106E-02 -4.149018E-02
       520 -1.937204E-01 -6.876545E-02 -4.825902E-02
       521 -2.053535E-01 -5.712717E-02 -5.351126E-02
       522 -2.166983E-01 -6.864265E-02 -6.120979E-02
       523 -2.280797E-01 -5.704733E-02 -6.731494E-02
       524 -2.394724E-01 -6.861870E-02 -7.635478E-02
       525 -2.507804E-01 -5.714337E-02 -8.439971E-02
       526 -2.621260E-01 -6.885564E-02 -9.501796E-02
       527 -2.735177E-01 -5.738972E-02 -1.059565E-01
       528 -2.847728E-01 -6.926496E-02 -1.178212E-01
       529 -2.961288E-01 -5.765806E-02 -1.320130E-01
       530 -3.075677E-01 -6.941226E-02 -1.454385E-01
       531 -3.193422E-01 -5.788756E-02 -1.621849E-01
       532 -3.306413E-01 -6.962125E-02 -1.775443E-01
       533 -3.426200E-01 -5.799198E-02 -1.957522E-01
       534 -3.538598E-01 -6.961429E-02 -2.131025E-01
       535 -3.657676E-01 -5.803412E-02 -2.314867E-01
       536 -3.783337E-01 -6.971093E-02 -2.501971E-01
       537 -3.914364E-01 -5.825159E-02 -2.682319E-01
       538 -3.980435E-01 -7.007728E-02 -2.881057E-01
       539 -1.140934E-02 -9.242091E-02 -2.607011E-03
       540 -2.285450E-02 -8.081222E-02 -2.299006E-03
       541 -3.416882E-02 -9.218613E-02 -3.591680E-03
       542 -4.571710E-02 -8.070909E-02 -3.295494E-03
       543 -5.775360E-02 -9.255489E-02 -4.569212E-03
       544 -6.914776E-02 -8.136939E-02 -4.388919E-03
       545 -8.053797E-02 -9.456334E-02 -4.019489E-03
       546 -9.123432E-02 -8.206383E-02 -6.773368E-03
       547 -1.023948E-01 -9.502998E-02 -7.415749E-03
       548 -1.137704E-01 -8.194363E-02 -1.191556E-02
       549 -1.250215E-01 -9.493832E-02 -1.407124E-02
       550 -1.363411E-01 -8.189322E-02 -1.999013E-02
       551 -1.469507E-01 -9.429100E-02 -2.405031E-02
       552 -1.585404E-01 -8.102870E-02 -3.087956E-02
       553 -1.698936E-01 -9.207714E-02 -3.805270E-02
       554 -1.821212E-01 -8.020442E-02 -4.309235E-02
       555 -1.936855E-01 -9.152621E-02 -5.049467E-02
       556 -2.051583E-01 -8.021994E-02 -5.553476E-02
       557 -2.166653E-01 -9.181320E-02 -6.285857E-02
       558 -2.281097E-01 -8.028519E-02 -6.914086E-02
       559 -2.395028E-01 -9.213578E-02 -7.683035E-02
       560 -2.508187E-01 -8.051730E-02 -8.533923E-02
       561 -2.621037E-01 -9.236333E-02 -9.383313E-02
       562 -2.734683E-01 -8.080761E-02 -1.050632E-01
       563 -2.853005E-01 -9.332170E-02 -1.143069E-01
       564 -2.965019E-01 -8.180462E-02 -1.290021E-01
       565 -3.070062E-01 -9.491850E-02 -1.390375E-01
       566 -3.182476E-01 -8.193561E-02 -1.589247E-01
       567 -3.291880E-01 -9.352033E-02 -1.741701E-01
       568 -3.419091E-01 -8.122729E-02 -1.940766E-01
       569 -3.530183E-01 -9.274967E-02 -2.122275E-01
       570 -3.650024E-01 -8.124386E-02 -2.316275E-01
       571 -3.774852E-01 -9.286093E-02 -2.515018E-01
       572 -3.907856E-01 -8.142698E-02 -2.700202E-01
       573 -3.973356E-01 -9.322371E-02 -2.913231E-01
       574 -1.127860E-02 -1.152117E-01 -4.013119E-03
       575 -2.274480E-02 -1.037097E-01 -3.883458E-03
       576 -3.390783E-02 -1.150363E-01 -6.220360E-03
       577 -4.548516E-02 -1.034881E-01 -5.732827E-03
       578 -5.745840E-02 -1.141493E-01 -8.920509E-03
       579 -7.041836E-02 -1.031978E-01 -5.345262E-03
       580 -8.029577E-02 -1.115140E-01 -9.885662E-03
       581 -9.098865E-02 -1.029177E-01 -5.837415E-03
       582 -1.022850E-01 -1.106548E-01 -1.395921E-02
       583 -1.136526E-01 -1.027806E-01 -1.117300E-02
       584 -1.249930E-01 -1.105665E-01 -2.066786E-02
       585 -1.363448E-01 -1.027302E-01 -1.925120E-02
       586 -1.469895E-01 -1.112041E-01 -3.019451E-02
       587 -1.570076E-01 -1.027831E-01 -3.237409E-02
       588 -1.699934E-01 -1.135900E-01 -4.323958E-02
       589 -1.822517E-01 -1.029139E-01 -4.638798E-02
       590 -1.938820E-01 -1.144936E-01 -5.415487E-02
       591 -2.052220E-01 -1.031657E-01 -5.774673E-02
       592 -2.168544E-01 -1.147988E-01 -6.421530E-02
       593 -2.280832E-01 -1.034553E-01 -6.970554E-02
       594 -2.396252E-01 -1.151169E-01 -7.566393E-02
       595 -2.509399E-01 -1.038006E-01 -8.393893E-02
       596 -2.619630E-01 -1.154619E-01 -9.047528E-02
       597 -2.731426E-01 -1.040549E-01 -1.018564E-01
       598 -2.856750E-01 -1.156786E-01 -1.093008E-01
       599 -2.982961E-01 -1.050109E-01 -1.219581E-01
       600 -3.062682E-01 -1.157638E-01 -1.317750E-01
       601 -3.151537E-01 -1.050786E-01 -1.523769E-01
       602 -3.274915E-01 -1.157143E-01 -1.705536E-01
       603 -3.411613E-01 -1.042296E-01 -1.919634E-01
       604 -3.520648E-01 -1.156366E-01 -2.116210E-01
       605 -3.640468E-01 -1.042847E-01 -2.320917E-01
       606 -3.764702E-01 -1.158014E-01 -2.538181E-01
       607 -3.899040E-01 -1.044739E-01 -2.729446E-01
       608 -3.964493E-01 -1.161740E-01 -2.962943E-01
       609 -1.112826E-02 -1.407058E-01 -4.045688E-03
       610 -2.239820E-02 -1.277395E-01 -5.622643E-03
       611 -3.285980E-02 -1.398617E-01 -8.628654E-03
       612 -4.460413E-02 -1.267257E-01 -1.013289E-02
       613 -5.560613E-02 -1.374747E-01 -1.738543E-02
       614 -6.856448E-02 -1.248712E-01 -1.497515E-02
       615 -7.927536E-02 -1.366591E-01 -2.421471E-02
       616 -9.090455E-02 -1.237759E-01 -1.947966E-02
       617 -1.022438E-01 -1.364665E-01 -3.009062E-02
       618 -1.136467E-01 -1.236339E-01 -2.525418E-02
       619 -1.250584E-01 -1.363857E-01 -3.667395E-02
       620 -1.363557E-01 -1.235982E-01 -3.290720E-02
       621 -1.479842E-01 -1.365241E-01 -4.437072E-02
       622 -1.586745E-01 -1.245078E-01 -4.244106E-02
       623 -1.710619E-01 -1.366379E-01 -5.247416E-02
       624 -1.824054E-01 -1.255529E-01 -5.227954E-02
       625 -1.942023E-01 -1.369261E-01 -6.004669E-02
       626 -2.056078E-01 -1.259098E-01 -6.094425E-02
       627 -2.179319E-01 -1.380181E-01 -6.611614E-02
       628 -2.289466E-01 -1.270835E-01 -6.923126E-02
       629 -2.404300E-01 -1.404582E-01 -7.157554E-02
       630 -2.509767E-01 -1.281110E-01 -8.026517E-02
       631 -2.617226E-01 -1.413560E-01 -8.403334E-02
       632 -2.728098E-01 -1.283113E-01 -9.672387E-02
       633 -2.843384E-01 -1.404775E-01 -1.033522E-01
       634 -2.976986E-01 -1.275887E-01 -1.167696E-01
       635 -3.055427E-01 -1.389767E-01 -1.290612E-01
       636 -3.142848E-01 -1.275660E-01 -1.481623E-01
       637 -3.273195E-01 -1.404889E-01 -1.671045E-01
       638 -3.401099E-01 -1.283338E-01 -1.898522E-01
       639 -3.502670E-01 -1.406976E-01 -2.106052E-01
       640 -3.623848E-01 -1.276540E-01 -2.334078E-01
       641 -3.748812E-01 -1.388162E-01 -2.583300E-01
       642 -3.889159E-01 -1.272343E-01 -2.777248E-01
       643 -3.956395E-01 -1.387169E-01 -3.039737E-01
       644 -1.110309E-02 -1.592170E-01 -1.138675E-02
       645 -2.220156E-02 -1.498208E-01 -7.485427E-03
       646 -3.185206E-02 -1.592372E-01 -1.747478E-02
       647 -4.199390E-02 -1.489069E-01 -1.712358E-02
       648 -5.464516E-02 -1.592644E-01 -3.078320E-02
       649 -6.760435E-02 -1.480112E-01 -2.788864E-02
       650 -7.917156E-02 -1.591331E-01 -3.967184E-02
       651 -9.063491E-02 -1.478616E-01 -3.485588E-02
       652 -1.021848E-01 -1.590369E-01 -4.636269E-02
       653 -1.137067E-01 -1.476932E-01 -4.120406E-02
       654 -1.252702E-01 -1.590273E-01 -5.245689E-02
       655 -1.366157E-01 -1.477726E-01 -4.778263E-02
       656 -1.482652E-01 -1.591327E-01 -5.848765E-02
       657 -1.597434E-01 -1.478987E-01 -5.470678E-02
       658 -1.714431E-01 -1.593604E-01 -6.423031E-02
       659 -1.828992E-01 -1.481503E-01 -6.121494E-02
       660 -1.946285E-01 -1.596202E-01 -6.884618E-02
       661 -2.059565E-01 -1.484998E-01 -6.644021E-02
       662 -2.189905E-01 -1.598692E-01 -7.122150E-02
       663 -2.313176E-01 -1.495262E-01 -6.851122E-02
       664 -2.411649E-01 -1.598462E-01 -7.132401E-02
       665 -2.506421E-01 -1.503677E-01 -7.443804E-02
       666 -2.613677E-01 -1.597277E-01 -8.282437E-02
       667 -2.726163E-01 -1.503309E-01 -9.076993E-02
       668 -2.830507E-01 -1.595682E-01 -1.044543E-01
       669 -2.947163E-01 -1.494900E-01 -1.149854E-01
       670 -3.049867E-01 -1.594838E-01 -1.345631E-01
       671 -3.157945E-01 -1.493939E-01 -1.478024E-01
       672 -3.275688E-01 -1.594536E-01 -1.718096E-01
       673 -3.391415E-01 -1.503116E-01 -1.884713E-01
       674 -3.489914E-01 -1.598937E-01 -2.164240E-01
       675 -3.594602E-01 -1.499039E-01 -2.369511E-01
       676 -3.737969E-01 -1.605289E-01 -2.682775E-01
       677 -3.883812E-01 -1.496574E-01 -2.861835E-01
       678 -3.953370E-01 -1.611307E-01 -3.157377E-01
       679 -1.109431E-02 -1.780730E-01 -3.627355E-02
       680 -2.217073E-02 -1.687048E-01 -2.369459E-02
       681 -3.272690E-02 -1.788805E-01 -4.123653E-02
       682 -4.189520E-02 -1.696614E-01 -3.362276E-02
       683 -5.547122E-02 -1.812538E-01 -5.086003E-02
       684 -6.765237E-02 -1.705603E-01 -4.484193E-02
       685 -7.922555E-02 -1.821097E-01 -5.852824E-02
       686 -9.062313E-02 -1.705704E-01 -5.207585E-02
       687 -1.023646E-01 -1.821382E-01 -6.448230E-02
       688 -1.138397E-01 -1.706146E-01 -5.807165E-02
       689 -1.254705E-01 -1.821887E-01 -6.964298E-02
       690 -1.368922E-01 -1.706291E-01 -6.356355E-02
       691 -1.485602E-01 -1.821801E-01 -7.436497E-02
       692 -1.599629E-01 -1.707076E-01 -6.870846E-02
       693 -1.717673E-01 -1.821542E-01 -7.845061E-02
       694 -1.833210E-01 -1.708026E-01 -7.299005E-02
       695 -1.949556E-01 -1.821217E-01 -8.127067E-02
       696 -2.063388E-01 -1.709196E-01 -7.563210E-02
       697 -2.191853E-01 -1.820414E-01 -8.180943E-02
       698 -2.321233E-01 -1.708823E-01 -7.485230E-02
       699 -2.411416E-01 -1.819513E-01 -8.109710E-02
       700 -2.504393E-01 -1.707242E-01 -7.951822E-02
       701 -2.603238E-01 -1.810412E-01 -9.438633E-02
       702 -2.715148E-01 -1.697261E-01 -9.808558E-02
       703 -2.820688E-01 -1.786523E-01 -1.220163E-01
       704 -2.936916E-01 -1.687791E-01 -1.261727E-01
       705 -3.050300E-01 -1.778978E-01 -1.554640E-01
       706 -3.161791E-01 -1.688130E-01 -1.610274E-01
       707 -3.278223E-01 -1.781990E-01 -1.939332E-01
       708 -3.391392E-01 -1.690942E-01 -2.019635E-01
       709 -3.502540E-01 -1.794549E-01 -2.376520E-01
       710 -3.594951E-01 -1.705537E-01 -2.506168E-01
       711 -3.749188E-01 -1.823155E-01 -2.859948E-01
       712 -3.884008E-01 -1.720177E-01 -3.001948E-01
       713 -3.957019E-01 -1.835993E-01 -3.324122E-01
       714 -1.120887E-02 -2.042172E-01 -6.784640E-02
       715 -2.227601E-02 -1.913481E-01 -5.392101E-02
       716 -3.377109E-02 -2.044831E-01 -7.072632E-02
       717 -4.438577E-02 -1.923594E-01 -5.941006E-02
       718 -5.656423E-02 -2.047181E-01 -7.533737E-02
       719 -6.777994E-02 -1.933866E-01 -6.607757E-02
       720 -7.956737E-02 -2.050415E-01 -8.026626E-02
       721 -9.093470E-02 -1.935996E-01 -7.180421E-02
       722 -1.026574E-01 -2.052089E-01 -8.459299E-02
       723 -1.140470E-01 -1.936906E-01 -7.663434E-02
       724 -1.257137E-01 -2.052116E-01 -8.852281E-02
       725 -1.371294E-01 -1.936737E-01 -8.099560E-02
       726 -1.487844E-01 -2.051252E-01 -9.219115E-02
       727 -1.602478E-01 -1.936055E-01 -8.490993E-02
       728 -1.719724E-01 -2.049673E-01 -9.536644E-02
       729 -1.835570E-01 -1.934905E-01 -8.792493E-02
       730 -1.951320E-01 -2.047315E-01 -9.743984E-02
       731 -2.065853E-01 -1.933263E-01 -8.938496E-02
       732 -2.192854E-01 -2.044076E-01 -9.758347E-02
       733 -2.320189E-01 -1.930295E-01 -8.798520E-02
       734 -2.410893E-01 -2.039389E-01 -9.742913E-02
       735 -2.503579E-01 -1.926903E-01 -9.356741E-02
       736 -2.593710E-01 -2.036066E-01 -1.134428E-01
       737 -2.691217E-01 -1.917390E-01 -1.177615E-01
       738 -2.812671E-01 -2.036796E-01 -1.469713E-01
       739 -2.939205E-01 -1.909252E-01 -1.518872E-01
       740 -3.053675E-01 -2.037595E-01 -1.836425E-01
       741 -3.165342E-01 -1.910978E-01 -1.888032E-01
       742 -3.285270E-01 -2.041495E-01 -2.230296E-01
       743 -3.398490E-01 -1.916012E-01 -2.297864E-01
       744 -3.518919E-01 -2.048650E-01 -2.653187E-01
       745 -3.624796E-01 -1.930745E-01 -2.743497E-01
       746 -3.765078E-01 -2.055698E-01 -3.092023E-01
       747 -3.889474E-01 -1.945642E-01 -3.198275E-01
       748 -3.965440E-01 -2.062553E-01 -3.533752E-01
       749 -1.136352E-02 -2.276739E-01 -9.751367E-02
       750 -2.259166E-02 -2.160572E-01 -8.356934E-02
       751 -3.410685E-02 -2.278269E-01 -9.895971E-02
       752 -4.541997E-02 -2.162774E-01 -8.643333E-02
       753 -5.699707E-02 -2.280896E-01 -1.013683E-01
       754 -6.826218E-02 -2.165315E-01 -9.009815E-02
       755 -8.001140E-02 -2.282928E-01 -1.039776E-01
       756 -9.132132E-02 -2.167463E-01 -9.365850E-02
       757 -1.030431E-01 -2.284168E-01 -1.064455E-01
       758 -1.143625E-01 -2.168226E-01 -9.695685E-02
       759 -1.260201E-01 -2.284664E-01 -1.089440E-01
       760 -1.373642E-01 -2.167723E-01 -1.001983E-01
       761 -1.489433E-01 -2.282803E-01 -1.118450E-01
       762 -1.604005E-01 -2.165568E-01 -1.033886E-01
       763 -1.720736E-01 -2.278739E-01 -1.148762E-01
       764 -1.837081E-01 -2.162436E-01 -1.059869E-01
       765 -1.952316E-01 -2.274204E-01 -1.171084E-01
       766 -2.066929E-01 -2.158740E-01 -1.073056E-01
       767 -2.193503E-01 -2.269451E-01 -1.176656E-01
       768 -2.320280E-01 -2.154149E-01 -1.062819E-01
       769 -2.410494E-01 -2.264508E-01 -1.184278E-01
       770 -2.501801E-01 -2.150061E-01 -1.133866E-01
       771 -2.593575E-01 -2.263229E-01 -1.362157E-01
       772 -2.683978E-01 -2.150181E-01 -1.406837E-01
       773 -2.813690E-01 -2.266195E-01 -1.719005E-01
       774 -2.939693E-01 -2.152574E-01 -1.780369E-01
       775 -3.056072E-01 -2.269594E-01 -2.105489E-01
       776 -3.170052E-01 -2.155322E-01 -2.167433E-01
       777 -3.291257E-01 -2.273600E-01 -2.508317E-01
       778 -3.406987E-01 -2.160931E-01 -2.576550E-01
       779 -3.527362E-01 -2.279833E-01 -2.925523E-01
       780 -3.640490E-01 -2.167968E-01 -3.002922E-01
       781 -3.774388E-01 -2.287398E-01 -3.349963E-01
       782 -3.899254E-01 -2.174797E-01 -3.434256E-01
       783 -3.974525E-01 -2.293247E-01 -3.775253E-01
       784 -1.144859E-02 -2.514237E-01 -1.269567E-01
       785 -2.282728E-02 -2.396018E-01 -1.125959E-01
       786 -3.438244E-02 -2.514630E-01 -1.275663E-01
       787 -4.570484E-02 -2.397300E-01 -1.139382E-01
       788 -5.738559E-02 -2.515120E-01 -1.284735E-01
       789 -6.870719E-02 -2.398728E-01 -1.156093E-01
       790 -8.046942E-02 -2.515970E-01 -1.292369E-01
       791 -9.176736E-02 -2.400037E-01 -1.171638E-01
       792 -1.034834E-01 -2.516744E-01 -1.295692E-01
       793 -1.146543E-01 -2.400197E-01 -1.186535E-01
       794 -1.263122E-01 -2.514755E-01 -1.303741E-01
       795 -1.375914E-01 -2.398398E-01 -1.207673E-01
       796 -1.491015E-01 -2.511883E-01 -1.328371E-01
       797 -1.605764E-01 -2.395498E-01 -1.238637E-01
       798 -1.720990E-01 -2.508188E-01 -1.366689E-01
       799 -1.837439E-01 -2.390824E-01 -1.269991E-01
       800 -1.952523E-01 -2.501924E-01 -1.401119E-01
       801 -2.067750E-01 -2.385271E-01 -1.289820E-01
       802 -2.194500E-01 -2.495666E-01 -1.416140E-01
       803 -2.320987E-01 -2.379635E-01 -1.287238E-01
       804 -2.412377E-01 -2.490709E-01 -1.431830E-01
       805 -2.502541E-01 -2.376686E-01 -1.368597E-01
       806 -2.595095E-01 -2.490873E-01 -1.615969E-01
       807 -2.684902E-01 -2.378411E-01 -1.655013E-01
       808 -2.815340E-01 -2.494201E-01 -1.981081E-01
       809 -2.941763E-01 -2.382361E-01 -2.043328E-01
       810 -3.060053E-01 -2.500031E-01 -2.377783E-01
       811 -3.175250E-01 -2.388006E-01 -2.442789E-01
       812 -3.296443E-01 -2.507959E-01 -2.789879E-01
       813 -3.413629E-01 -2.394000E-01 -2.856334E-01
       814 -3.534212E-01 -2.514095E-01 -3.209985E-01
       815 -3.648111E-01 -2.400333E-01 -3.276354E-01
       816 -3.782554E-01 -2.520071E-01 -3.627723E-01
       817 -3.908157E-01 -2.406736E-01 -3.695528E-01
       818 -3.982265E-01 -2.525707E-01 -4.042833E-01
       819 -1.151530E-02 -2.749753E-01 -1.569278E-01
       820 -2.297631E-02 -2.632088E-01 -1.419687E-01
       821 -3.456450E-02 -2.749438E-01 -1.570396E-01
       822 -4.600485E-02 -2.632063E-01 -1.423663E-01
       823 -5.769833E-02 -2.749053E-01 -1.569985E-01
       824 -6.911845E-02 -2.632169E-01 -1.425988E-01
       825 -8.087220E-02 -2.747364E-01 -1.562914E-01
       826 -9.227799E-02 -2.631961E-01 -1.421357E-01
       827 -1.046103E-01 -2.751602E-01 -1.540997E-01
       828 -1.156611E-01 -2.637693E-01 -1.409993E-01
       829 -1.273432E-01 -2.769438E-01 -1.505271E-01
       830 -1.378111E-01 -2.642178E-01 -1.415429E-01
       831 -1.485011E-01 -2.765549E-01 -1.529052E-01
       832 -1.600173E-01 -2.630938E-01 -1.456818E-01
       833 -1.714252E-01 -2.740005E-01 -1.609384E-01
       834 -1.836994E-01 -2.618539E-01 -1.508966E-01
       835 -1.953106E-01 -2.728056E-01 -1.667294E-01
       836 -2.068283E-01 -2.612191E-01 -1.543554E-01
       837 -2.196131E-01 -2.722443E-01 -1.695401E-01
       838 -2.323070E-01 -2.605884E-01 -1.550391E-01
       839 -2.414686E-01 -2.715187E-01 -1.718552E-01
       840 -2.505379E-01 -2.602429E-01 -1.636352E-01
       841 -2.605674E-01 -2.720923E-01 -1.900541E-01
       842 -2.694544E-01 -2.612879E-01 -1.920046E-01
       843 -2.825861E-01 -2.749356E-01 -2.239521E-01
       844 -2.944788E-01 -2.626980E-01 -2.309158E-01
       845 -3.055542E-01 -2.756877E-01 -2.641221E-01
       846 -3.172331E-01 -2.626287E-01 -2.722098E-01
       847 -3.294614E-01 -2.742732E-01 -3.086940E-01
       848 -3.419127E-01 -2.626368E-01 -3.147614E-01
       849 -3.541093E-01 -2.745015E-01 -3.513588E-01
       850 -3.655131E-01 -2.633481E-01 -3.567823E-01
       851 -3.789537E-01 -2.753278E-01 -3.927339E-01
       852 -3.915664E-01 -2.639550E-01 -3.979893E-01
       853 -3.989332E-01 -2.759368E-01 -4.334519E-01
       854 -1.156150E-02 -2.985222E-01 -1.879171E-01
       855 -2.308716E-02 -2.867291E-01 -1.722760E-01
       856 -3.469579E-02 -2.984373E-01 -1.878095E-01
       857 -4.619874E-02 -2.866354E-01 -1.721546E-01
       858 -5.793329E-02 -2.982551E-01 -1.873539E-01
       859 -6.950391E-02 -2.865002E-01 -1.714800E-01
       860 -8.112419E-02 -2.979511E-01 -1.859801E-01
       861 -9.256796E-02 -2.862284E-01 -1.696069E-01
       862 -1.056470E-01 -2.974808E-01 -1.824982E-01
       863 -1.181556E-01 -2.865024E-01 -1.642355E-01
       864 -1.284047E-01 -2.967978E-01 -1.756392E-01
       865 -1.380263E-01 -2.867740E-01 -1.613666E-01
       866 -1.479021E-01 -2.963168E-01 -1.782830E-01
       867 -1.579681E-01 -2.856309E-01 -1.691069E-01
       868 -1.708604E-01 -2.960399E-01 -1.901473E-01
       869 -1.838721E-01 -2.844905E-01 -1.787394E-01
       870 -1.955218E-01 -2.955511E-01 -1.978182E-01
       871 -2.068961E-01 -2.838985E-01 -1.838289E-01
       872 -2.198454E-01 -2.948681E-01 -2.019140E-01
       873 -2.326180E-01 -2.831761E-01 -1.855885E-01
       874 -2.418217E-01 -2.943021E-01 -2.051975E-01
       875 -2.507744E-01 -2.827990E-01 -1.948651E-01
       876 -2.610299E-01 -2.936713E-01 -2.240881E-01
       877 -2.712470E-01 -2.830747E-01 -2.212674E-01
       878 -2.831745E-01 -2.919927E-01 -2.584127E-01
       879 -2.948274E-01 -2.837849E-01 -2.581563E-01
       880 -3.062367E-01 -2.929332E-01 -2.984779E-01
       881 -3.163124E-01 -2.847656E-01 -3.019438E-01
       882 -3.301906E-01 -2.963485E-01 -3.424859E-01
       883 -3.426984E-01 -2.857644E-01 -3.466040E-01
       884 -3.548587E-01 -2.979203E-01 -3.844797E-01
       885 -3.661802E-01 -2.866070E-01 -3.882213E-01
       886 -3.796890E-01 -2.986727E-01 -4.250797E-01
       887 -3.922876E-01 -2.873382E-01 -4.287492E-01
       888 -3.996345E-01 -2.994146E-01 -4.649484E-01
       889 -1.159342E-02 -3.220555E-01 -2.200892E-01
       890 -2.316262E-02 -3.102451E-01 -2.038164E-01
       891 -3.479046E-02 -3.219340E-01 -2.200099E-01
       892 -4.634207E-02 -3.100833E-01 -2.035767E-01
       893 -5.804500E-02 -3.216416E-01 -2.196916E-01
       894 -6.969783E-02 -3.097499E-01 -2.027831E-01
       895 -8.130519E-02 -3.212527E-01 -2.187793E-01
       896 -9.279747E-02 -3.092857E-01 -2.008685E-01
       897 -1.050986E-01 -3.199844E-01 -2.166665E-01
       898 -1.184047E-01 -3.078552E-01 -1.956541E-01
       899 -1.278575E-01 -3.170743E-01 -2.136363E-01
       900 -1.382816E-01 -3.063827E-01 -1.931514E-01
       901 -1.490189E-01 -3.165221E-01 -2.168785E-01
       902 -1.582225E-01 -3.068151E-01 -2.014031E-01
       903 -1.719322E-01 -3.183184E-01 -2.261705E-01
       904 -1.841233E-01 -3.071957E-01 -2.118210E-01
       905 -1.958303E-01 -3.184502E-01 -2.338615E-01
       906 -2.071767E-01 -3.066043E-01 -2.179741E-01
       907 -2.201596E-01 -3.176518E-01 -2.389934E-01
       908 -2.328834E-01 -3.058280E-01 -2.209197E-01
       909 -2.422400E-01 -3.167999E-01 -2.436444E-01
       910 -2.513438E-01 -3.053760E-01 -2.311926E-01
       911 -2.609498E-01 -3.167646E-01 -2.640590E-01
       912 -2.705452E-01 -3.050921E-01 -2.605175E-01
       913 -2.833412E-01 -3.179196E-01 -3.012235E-01
       914 -2.957599E-01 -3.052996E-01 -2.995953E-01
       915 -3.080502E-01 -3.190640E-01 -3.404709E-01
       916 -3.186542E-01 -3.071576E-01 -3.402865E-01
       917 -3.318538E-01 -3.200530E-01 -3.803941E-01
       918 -3.434050E-01 -3.089891E-01 -3.817135E-01
       919 -3.556866E-01 -3.211964E-01 -4.204104E-01
       920 -3.670063E-01 -3.099620E-01 -4.222762E-01
       921 -3.804880E-01 -3.221825E-01 -4.597388E-01
       922 -3.930119E-01 -3.108190E-01 -4.618117E-01
       923 -4.003342E-01 -3.229798E-01 -4.986216E-01
       924 -1.162058E-02 -3.457361E-01 -2.533575E-01
       925 -2.321628E-02 -3.338390E-01 -2.366061E-01
       926 -3.486630E-02 -3.455904E-01 -2.534817E-01
       927 -4.644812E-02 -3.336291E-01 -2.365820E-01
       928 -5.812121E-02 -3.452861E-01 -2.536731E-01
       929 -6.972452E-02 -3.332221E-01 -2.363725E-01
       930 -8.138387E-02 -3.447649E-01 -2.538785E-01
       931 -9.298845E-02 -3.326186E-01 -2.357175E-01
       932 -1.045029E-01 -3.440365E-01 -2.541711E-01
       933 -1.164307E-01 -3.311859E-01 -2.349074E-01
       934 -1.273818E-01 -3.434267E-01 -2.556981E-01
       935 -1.386005E-01 -3.297982E-01 -2.364127E-01
       936 -1.501729E-01 -3.428327E-01 -2.598449E-01
       937 -1.607949E-01 -3.300267E-01 -2.421871E-01
       938 -1.731367E-01 -3.422341E-01 -2.664961E-01
       939 -1.844643E-01 -3.302727E-01 -2.498958E-01
       940 -1.962383E-01 -3.416648E-01 -2.739854E-01
       941 -2.075975E-01 -3.296115E-01 -2.566962E-01
       942 -2.205611E-01 -3.408239E-01 -2.806206E-01
       943 -2.333007E-01 -3.287862E-01 -2.610659E-01
       944 -2.427330E-01 -3.401119E-01 -2.870463E-01
       945 -2.518669E-01 -3.283308E-01 -2.728388E-01
       946 -2.617013E-01 -3.401698E-01 -3.084100E-01
       947 -2.705775E-01 -3.288906E-01 -3.032341E-01
       948 -2.843870E-01 -3.410613E-01 -3.450050E-01
       949 -2.967979E-01 -3.301099E-01 -3.420403E-01
       950 -3.090940E-01 -3.423977E-01 -3.824991E-01
       951 -3.203915E-01 -3.313122E-01 -3.806942E-01
       952 -3.328524E-01 -3.437765E-01 -4.203204E-01
       953 -3.443872E-01 -3.324844E-01 -4.197151E-01
       954 -3.566152E-01 -3.449480E-01 -4.583709E-01
       955 -3.678785E-01 -3.335737E-01 -4.585775E-01
       956 -3.812566E-01 -3.459203E-01 -4.963290E-01
       957 -3.937550E-01 -3.344603E-01 -4.969562E-01
       958 -4.010960E-01 -3.467479E-01 -5.341729E-01
       959 -1.165339E-02 -3.688969E-01 -2.874729E-01
       960 -2.327114E-02 -3.572834E-01 -2.704319E-01
       961 -3.495561E-02 -3.687525E-01 -2.878824E-01
       962 -4.654365E-02 -3.570581E-01 -2.708180E-01
       963 -5.824752E-02 -3.684557E-01 -2.887180E-01
       964 -6.979654E-02 -3.566718E-01 -2.714576E-01
       965 -8.149653E-02 -3.680105E-01 -2.900666E-01
       966 -9.302816E-02 -3.560827E-01 -2.724563E-01
       967 -1.046823E-01 -3.674046E-01 -2.921904E-01
       968 -1.160094E-01 -3.554167E-01 -2.742523E-01
       969 -1.277337E-01 -3.667041E-01 -2.955983E-01
       970 -1.389780E-01 -3.548096E-01 -2.777852E-01
       971 -1.506649E-01 -3.661145E-01 -3.008927E-01
       972 -1.619358E-01 -3.542132E-01 -2.836370E-01
       973 -1.737004E-01 -3.655705E-01 -3.080865E-01
       974 -1.850123E-01 -3.535972E-01 -2.910922E-01
       975 -1.967633E-01 -3.649536E-01 -3.166204E-01
       976 -2.079885E-01 -3.528567E-01 -2.991738E-01
       977 -2.202973E-01 -3.634611E-01 -3.260892E-01
       978 -2.331366E-01 -3.512316E-01 -3.062686E-01
       979 -2.426645E-01 -3.605557E-01 -3.375916E-01
       980 -2.525599E-01 -3.500689E-01 -3.200024E-01
       981 -2.634314E-01 -3.607118E-01 -3.593234E-01
       982 -2.722985E-01 -3.514850E-01 -3.495381E-01
       983 -2.861820E-01 -3.639874E-01 -3.913942E-01
       984 -2.979463E-01 -3.534698E-01 -3.860160E-01
       985 -3.101899E-01 -3.659377E-01 -4.258383E-01
       986 -3.213713E-01 -3.548099E-01 -4.223087E-01
       987 -3.338393E-01 -3.671233E-01 -4.613876E-01
       988 -3.453447E-01 -3.560648E-01 -4.592776E-01
       989 -3.574260E-01 -3.682602E-01 -4.977006E-01
       990 -3.686721E-01 -3.571185E-01 -4.965757E-01
       991 -3.819968E-01 -3.692549E-01 -5.343608E-01
       992 -3.944715E-01 -3.580313E-01 -5.337969E-01
       993 -4.015794E-01 -3.701305E-01 -5.712411E-01
       994 -1.169911E-02 -3.944992E-01 -3.219500E-01
       995 -2.334644E-02 -3.817067E-01 -3.048883E-01
       996 -3.508954E-02 -3.943657E-01 -3.226610E-01
       997 -4.668085E-02 -3.814961E-01 -3.057396E-01
       998 -5.845514E-02 -3.940991E-01 -3.241294E-01
       999 -6.998629E-02 -3.811416E-01 -3.072289E-01
      1000 -8.177685E-02 -3.937059E-01 -3.264716E-01
      1001 -9.323104E-02 -3.806597E-01 -3.095282E-01
      1002 -1.050239E-01 -3.932200E-01 -3.299117E-01
      1003 -1.164068E-01 -3.800812E-01 -3.129707E-01
      1004 -1.281934E-01 -3.926969E-01 -3.347692E-01
      1005 -1.394610E-01 -3.794824E-01 -3.179863E-01
      1006 -1.513085E-01 -3.921441E-01 -3.413340E-01
      1007 -1.624774E-01 -3.789188E-01 -3.248305E-01
      1008 -1.743693E-01 -3.915329E-01 -3.497360E-01
      1009 -1.855500E-01 -3.782504E-01 -3.334180E-01
      1010 -1.973825E-01 -3.907817E-01 -3.600344E-01
      1011 -2.085472E-01 -3.774373E-01 -3.435739E-01
      1012 -2.201771E-01 -3.899454E-01 -3.725331E-01
      1013 -2.316784E-01 -3.759696E-01 -3.560115E-01
      1014 -2.426947E-01 -3.895610E-01 -3.888115E-01
      1015 -2.534930E-01 -3.749994E-01 -3.739027E-01
      1016 -2.651987E-01 -3.897449E-01 -4.106880E-01
      1017 -2.754499E-01 -3.763256E-01 -3.996689E-01
      1018 -2.879362E-01 -3.905214E-01 -4.382056E-01
      1019 -2.989519E-01 -3.782153E-01 -4.310034E-01
      1020 -3.110942E-01 -3.918126E-01 -4.695503E-01
      1021 -3.224153E-01 -3.795207E-01 -4.647495E-01
      1022 -3.346347E-01 -3.930563E-01 -5.029372E-01
      1023 -3.461409E-01 -3.807081E-01 -4.997711E-01
      1024 -3.581148E-01 -3.941193E-01 -5.376566E-01
      1025 -3.694178E-01 -3.817449E-01 -5.356284E-01
      1026 -3.826437E-01 -3.950877E-01 -5.731544E-01
      1027 -3.951569E-01 -3.826545E-01 -5.717972E-01
      1028 -4.026719E-01 -3.957948E-01 -6.092135E-01
      1029 -2.345711E-02 -4.012681E-01 -3.397530E-01
      1030 -4.689620E-02 -4.010799E-01 -3.410584E-01
      1031 -7.029655E-02 -4.007713E-01 -3.433226E-01
      1032 -9.363787E-02 -4.003584E-01 -3.466994E-01
      1033 -1.169014E-01 -3.998803E-01 -3.514193E-01
      1034 -1.401006E-01 -3.993752E-01 -3.577478E-01
      1035 -1.632440E-01 -3.988368E-01 -3.659000E-01
      1036 -1.863021E-01 -3.982230E-01 -3.760322E-01
      1037 -2.092429E-01 -3.974750E-01 -3.884129E-01
      1038 -2.318396E-01 -3.968009E-01 -4.037303E-01
      1039 -2.543600E-01 -3.966396E-01 -4.232115E-01
      1040 -2.769742E-01 -3.971900E-01 -4.476025E-01
      1041 -2.998270E-01 -3.982933E-01 -4.761568E-01
      1042 -3.231385E-01 -3.994997E-01 -5.075359E-01
      1043 -3.467585E-01 -4.006434E-01 -5.407996E-01
      1044 -3.700387E-01 -4.014297E-01 -5.753660E-01
      1045 -3.955996E-01 -4.027886E-01 -6.106292E-01
