
 displacements (vx,vy,vz) for set NSET_ALL and time  0.1000000E+01

         1  0.000000E+00  0.000000E+00  0.000000E+00
         2  0.000000E+00 -4.194212E-01 -6.866726E-01
         3 -4.660249E-01 -4.490227E-01 -1.758104E+00
         4 -4.465688E-01  0.000000E+00 -1.078301E+00
         5  0.000000E+00 -2.231700E-02  1.353519E-03
         6  0.000000E+00 -4.462486E-02  5.175158E-03
         7  0.000000E+00 -6.682863E-02  1.089021E-02
         8  0.000000E+00 -8.880909E-02  1.706790E-02
         9  0.000000E+00 -1.104550E-01  2.139255E-02
        10  0.000000E+00 -1.318928E-01  2.141752E-02
        11  0.000000E+00 -1.532962E-01  1.540800E-02
        12  0.000000E+00 -1.747098E-01  2.151676E-03
        13  0.000000E+00 -1.963038E-01 -1.928713E-02
        14  0.000000E+00 -2.175064E-01 -5.191311E-02
        15  0.000000E+00 -2.393010E-01 -9.857669E-02
        16  0.000000E+00 -2.619967E-01 -1.594176E-01
        17  0.000000E+00 -2.858660E-01 -2.337711E-01
        18  0.000000E+00 -3.115871E-01 -3.176645E-01
        19  0.000000E+00 -3.380364E-01 -4.068537E-01
        20  0.000000E+00 -3.651131E-01 -4.992338E-01
        21  0.000000E+00 -3.919196E-01 -5.930517E-01
        22  0.000000E+00 -1.115925E-02  3.139644E-04
        23  0.000000E+00 -3.347756E-02  2.930856E-03
        24  0.000000E+00 -5.573007E-02  7.814274E-03
        25  0.000000E+00 -7.787387E-02  1.398955E-02
        26  0.000000E+00 -9.968614E-02  1.960333E-02
        27  0.000000E+00 -1.211757E-01  2.203623E-02
        28  0.000000E+00 -1.425819E-01  1.919723E-02
        29  0.000000E+00 -1.640503E-01  9.720399E-03
        30  0.000000E+00 -1.854104E-01 -7.316451E-03
        31  0.000000E+00 -2.067922E-01 -3.430211E-02
        32  0.000000E+00 -2.283984E-01 -7.367240E-02
        33  0.000000E+00 -2.504851E-01 -1.274547E-01
        34  0.000000E+00 -2.738616E-01 -1.954260E-01
        35  0.000000E+00 -2.986547E-01 -2.748363E-01
        36  0.000000E+00 -3.247549E-01 -3.618574E-01
        37  0.000000E+00 -3.514365E-01 -4.528993E-01
        38  0.000000E+00 -3.793433E-01 -5.460960E-01
        39  0.000000E+00 -4.024406E-01 -6.403874E-01
        40 -2.518628E-02 -4.191739E-01 -6.887407E-01
        41 -5.026582E-02 -4.184596E-01 -6.951275E-01
        42 -7.515800E-02 -4.173633E-01 -7.063721E-01
        43 -9.977065E-02 -4.160566E-01 -7.233047E-01
        44 -1.240788E-01 -4.148157E-01 -7.470083E-01
        45 -1.481143E-01 -4.139340E-01 -7.785679E-01
        46 -1.721363E-01 -4.136324E-01 -8.188515E-01
        47 -1.963716E-01 -4.140106E-01 -8.683352E-01
        48 -2.209745E-01 -4.150587E-01 -9.270565E-01
        49 -2.460073E-01 -4.167680E-01 -9.947901E-01
        50 -2.715424E-01 -4.191576E-01 -1.071064E+00
        51 -2.976233E-01 -4.222588E-01 -1.155157E+00
        52 -3.243470E-01 -4.260767E-01 -1.246104E+00
        53 -3.517949E-01 -4.304640E-01 -1.342609E+00
        54 -3.799728E-01 -4.352047E-01 -1.443197E+00
        55 -4.086637E-01 -4.398640E-01 -1.546561E+00
        56 -4.370995E-01 -4.452192E-01 -1.651726E+00
        57 -1.260260E-02 -4.089751E-01 -6.882818E-01
        58 -3.775842E-02 -4.084848E-01 -6.924855E-01
        59 -6.275659E-02 -4.075788E-01 -7.012543E-01
        60 -8.750235E-02 -4.064207E-01 -7.152957E-01
        61 -1.120199E-01 -4.050553E-01 -7.355544E-01
        62 -1.361783E-01 -4.037531E-01 -7.630762E-01
        63 -1.601469E-01 -4.030756E-01 -7.989649E-01
        64 -1.842816E-01 -4.031455E-01 -8.438328E-01
        65 -2.086909E-01 -4.038604E-01 -8.979299E-01
        66 -2.335045E-01 -4.052301E-01 -9.611710E-01
        67 -2.587831E-01 -4.072669E-01 -1.033198E+00
        68 -2.845774E-01 -4.099987E-01 -1.113426E+00
        69 -3.109807E-01 -4.134358E-01 -1.200999E+00
        70 -3.380234E-01 -4.176000E-01 -1.294792E+00
        71 -3.658726E-01 -4.223854E-01 -1.393443E+00
        72 -3.942145E-01 -4.270517E-01 -1.495490E+00
        73 -4.236307E-01 -4.319436E-01 -1.599710E+00
        74 -4.489050E-01 -4.377315E-01 -1.705830E+00
        75 -4.639157E-01 -4.231833E-01 -1.685226E+00
        76 -4.603652E-01 -3.978349E-01 -1.613929E+00
        77 -4.577859E-01 -3.721513E-01 -1.545355E+00
        78 -4.554054E-01 -3.466645E-01 -1.480590E+00
        79 -4.534330E-01 -3.212960E-01 -1.420324E+00
        80 -4.517857E-01 -2.960388E-01 -1.364992E+00
        81 -4.504238E-01 -2.708947E-01 -1.314821E+00
        82 -4.493064E-01 -2.458713E-01 -1.269904E+00
        83 -4.484068E-01 -2.209721E-01 -1.230236E+00
        84 -4.477055E-01 -1.961934E-01 -1.195732E+00
        85 -4.471870E-01 -1.715246E-01 -1.166236E+00
        86 -4.468377E-01 -1.469464E-01 -1.141532E+00
        87 -4.466381E-01 -1.224295E-01 -1.121352E+00
        88 -4.465549E-01 -9.794047E-02 -1.105393E+00
        89 -4.465417E-01 -7.345496E-02 -1.093341E+00
        90 -4.465539E-01 -4.896651E-02 -1.084925E+00
        91 -4.465652E-01 -2.448059E-02 -1.079949E+00
        92 -4.556098E-01 -4.334592E-01 -1.722840E+00
        93 -4.515544E-01 -4.112847E-01 -1.650480E+00
        94 -4.485510E-01 -3.849092E-01 -1.580497E+00
        95 -4.461722E-01 -3.594728E-01 -1.513729E+00
        96 -4.439774E-01 -3.340193E-01 -1.451171E+00
        97 -4.421928E-01 -3.087051E-01 -1.393339E+00
        98 -4.406927E-01 -2.835014E-01 -1.340569E+00
        99 -4.394583E-01 -2.584131E-01 -1.293017E+00
       100 -4.384521E-01 -2.334476E-01 -1.250724E+00
       101 -4.376527E-01 -2.086050E-01 -1.213642E+00
       102 -4.370428E-01 -1.838783E-01 -1.181652E+00
       103 -4.366093E-01 -1.592538E-01 -1.154566E+00
       104 -4.363377E-01 -1.347055E-01 -1.132143E+00
       105 -4.361994E-01 -1.102003E-01 -1.114092E+00
       106 -4.361537E-01 -8.571079E-02 -1.100103E+00
       107 -4.361559E-01 -6.122039E-02 -1.089883E+00
       108 -4.361691E-01 -3.672936E-02 -1.083196E+00
       109 -4.361778E-01 -1.224254E-02 -1.079889E+00
       110 -4.180324E-01  0.000000E+00 -9.761642E-01
       111 -3.901070E-01  0.000000E+00 -8.731041E-01
       112 -3.616281E-01  0.000000E+00 -7.695283E-01
       113 -3.327572E-01  0.000000E+00 -6.652349E-01
       114 -3.036308E-01  0.000000E+00 -5.592781E-01
       115 -2.772476E-01  0.000000E+00 -4.579423E-01
       116 -2.519484E-01  0.000000E+00 -3.680799E-01
       117 -2.272264E-01  0.000000E+00 -2.886580E-01
       118 -2.032291E-01  0.000000E+00 -2.192555E-01
       119 -1.798783E-01  0.000000E+00 -1.599084E-01
       120 -1.571425E-01  0.000000E+00 -1.108817E-01
       121 -1.353161E-01  0.000000E+00 -7.316126E-02
       122 -1.140881E-01  0.000000E+00 -4.879619E-02
       123 -9.092352E-02  0.000000E+00 -3.236383E-02
       124 -6.790787E-02  0.000000E+00 -1.825936E-02
       125 -4.526117E-02  0.000000E+00 -7.989493E-03
       126 -2.262842E-02  0.000000E+00 -1.952708E-03
       127 -4.290473E-01  0.000000E+00 -1.027785E+00
       128 -4.049206E-01  0.000000E+00 -9.247226E-01
       129 -3.757337E-01  0.000000E+00 -8.214901E-01
       130 -3.474834E-01  0.000000E+00 -7.175981E-01
       131 -3.176002E-01  0.000000E+00 -6.129176E-01
       132 -2.895561E-01  0.000000E+00 -5.064994E-01
       133 -2.646559E-01  0.000000E+00 -4.111569E-01
       134 -2.394318E-01  0.000000E+00 -3.266422E-01
       135 -2.151280E-01  0.000000E+00 -2.522316E-01
       136 -1.914430E-01  0.000000E+00 -1.878383E-01
       137 -1.684410E-01  0.000000E+00 -1.335818E-01
       138 -1.459211E-01  0.000000E+00 -9.000266E-02
       139 -1.252939E-01  0.000000E+00 -5.844346E-02
       140 -1.031644E-01  0.000000E+00 -4.067928E-02
       141 -7.918945E-02  0.000000E+00 -2.497908E-02
       142 -5.660907E-02  0.000000E+00 -1.265149E-02
       143 -3.393792E-02  0.000000E+00 -4.507650E-03
       144 -1.131608E-02  0.000000E+00 -5.130824E-04
       145 -2.262392E-02 -2.234241E-02 -5.667997E-04
       146 -4.522606E-02 -2.239000E-02 -6.494055E-03
       147 -6.781331E-02 -2.238404E-02 -1.681525E-02
       148 -9.054151E-02 -2.215990E-02 -3.172027E-02
       149 -1.133947E-01 -2.126776E-02 -5.071643E-02
       150 -1.350491E-01 -2.034253E-02 -7.778847E-02
       151 -1.572344E-01 -2.005473E-02 -1.166356E-01
       152 -1.800904E-01 -2.001773E-02 -1.660980E-01
       153 -2.035403E-01 -2.012055E-02 -2.256253E-01
       154 -2.276086E-01 -2.030567E-02 -2.950783E-01
       155 -2.523893E-01 -2.054843E-02 -3.744726E-01
       156 -2.779248E-01 -2.094873E-02 -4.637879E-01
       157 -3.044582E-01 -2.195841E-02 -5.630625E-01
       158 -3.330493E-01 -2.298904E-02 -6.670628E-01
       159 -3.616215E-01 -2.345609E-02 -7.708996E-01
       160 -3.900883E-01 -2.380059E-02 -8.745132E-01
       161 -4.180145E-01 -2.413525E-02 -9.776858E-01
       162 -2.263964E-02 -4.469911E-02  3.520580E-03
       163 -4.517245E-02 -4.485626E-02 -1.855792E-03
       164 -6.757767E-02 -4.494894E-02 -1.196632E-02
       165 -8.986349E-02 -4.484591E-02 -2.802939E-02
       166 -1.122079E-01 -4.430258E-02 -5.100713E-02
       167 -1.344108E-01 -4.368598E-02 -8.252752E-02
       168 -1.570700E-01 -4.342095E-02 -1.236957E-01
       169 -1.801755E-01 -4.341712E-02 -1.742489E-01
       170 -2.037974E-01 -4.366298E-02 -2.341612E-01
       171 -2.279422E-01 -4.404303E-02 -3.037314E-01
       172 -2.527745E-01 -4.447503E-02 -3.832164E-01
       173 -2.785457E-01 -4.492974E-02 -4.721708E-01
       174 -3.053065E-01 -4.565202E-02 -5.692247E-01
       175 -3.332390E-01 -4.642516E-02 -6.711281E-01
       176 -3.615278E-01 -4.700945E-02 -7.747497E-01
       177 -3.900026E-01 -4.762577E-02 -8.786904E-01
       178 -4.179577E-01 -4.827503E-02 -9.822709E-01
       179 -2.270712E-02 -6.695470E-02  9.844970E-03
       180 -4.527137E-02 -6.747625E-02  6.221017E-03
       181 -6.728710E-02 -6.796065E-02 -2.394177E-03
       182 -8.919287E-02 -6.798886E-02 -1.865562E-02
       183 -1.111504E-01 -6.775158E-02 -4.384057E-02
       184 -1.333397E-01 -6.716771E-02 -7.883061E-02
       185 -1.563031E-01 -6.671472E-02 -1.228011E-01
       186 -1.796223E-01 -6.679551E-02 -1.746975E-01
       187 -2.034194E-01 -6.740208E-02 -2.346195E-01
       188 -2.273734E-01 -6.816311E-02 -3.040005E-01
       189 -2.521203E-01 -6.869870E-02 -3.840708E-01
       190 -2.778744E-01 -6.919571E-02 -4.741762E-01
       191 -3.047273E-01 -6.948485E-02 -5.726504E-01
       192 -3.327953E-01 -6.986813E-02 -6.759272E-01
       193 -3.612205E-01 -7.060189E-02 -7.807368E-01
       194 -3.898126E-01 -7.145640E-02 -8.856495E-01
       195 -4.178642E-01 -7.241506E-02 -9.900201E-01
       196 -2.303927E-02 -8.906752E-02  1.729908E-02
       197 -4.596409E-02 -9.011041E-02  1.793622E-02
       198 -6.720052E-02 -9.116466E-02  1.356674E-02
       199 -8.837936E-02 -9.145937E-02 -1.516573E-03
       200 -1.096808E-01 -9.129749E-02 -2.807986E-02
       201 -1.313425E-01 -9.043450E-02 -6.737349E-02
       202 -1.548596E-01 -8.967853E-02 -1.156113E-01
       203 -1.787070E-01 -8.985720E-02 -1.688435E-01
       204 -2.027630E-01 -9.096468E-02 -2.272299E-01
       205 -2.259582E-01 -9.220057E-02 -2.951708E-01
       206 -2.502565E-01 -9.283876E-02 -3.764408E-01
       207 -2.757980E-01 -9.324101E-02 -4.696107E-01
       208 -3.026674E-01 -9.316251E-02 -5.734458E-01
       209 -3.317215E-01 -9.325810E-02 -6.817300E-01
       210 -3.607300E-01 -9.411421E-02 -7.891666E-01
       211 -3.895519E-01 -9.525956E-02 -8.956738E-01
       212 -4.177650E-01 -9.654773E-02 -1.001175E+00
       213 -2.336230E-02 -1.105772E-01  2.295821E-02
       214 -4.665889E-02 -1.111234E-01  2.806815E-02
       215 -6.714502E-02 -1.117078E-01  2.836370E-02
       216 -8.762815E-02 -1.119627E-01  1.520421E-02
       217 -1.082604E-01 -1.120887E-01 -1.159193E-02
       218 -1.293721E-01 -1.121312E-01 -5.357856E-02
       219 -1.531292E-01 -1.122347E-01 -1.048855E-01
       220 -1.773131E-01 -1.125061E-01 -1.594166E-01
       221 -2.014359E-01 -1.129364E-01 -2.173837E-01
       222 -2.239951E-01 -1.134414E-01 -2.854512E-01
       223 -2.479363E-01 -1.139620E-01 -3.692842E-01
       224 -2.733400E-01 -1.143609E-01 -4.671108E-01
       225 -3.005803E-01 -1.149954E-01 -5.772044E-01
       226 -3.305992E-01 -1.161260E-01 -6.907076E-01
       227 -3.602543E-01 -1.174865E-01 -8.010488E-01
       228 -3.893292E-01 -1.190218E-01 -9.093291E-01
       229 -4.177194E-01 -1.206777E-01 -1.016114E+00
       230 -2.340730E-02 -1.319371E-01  2.373819E-02
       231 -4.674308E-02 -1.320382E-01  3.106123E-02
       232 -6.691628E-02 -1.321707E-01  3.384860E-02
       233 -8.708899E-02 -1.323510E-01  2.243240E-02
       234 -1.076026E-01 -1.326937E-01 -2.848231E-03
       235 -1.286303E-01 -1.336518E-01 -4.253971E-02
       236 -1.516426E-01 -1.346528E-01 -9.236254E-02
       237 -1.750678E-01 -1.350237E-01 -1.481500E-01
       238 -1.987628E-01 -1.347619E-01 -2.101750E-01
       239 -2.216914E-01 -1.345615E-01 -2.832521E-01
       240 -2.458269E-01 -1.349834E-01 -3.719119E-01
       241 -2.715580E-01 -1.353802E-01 -4.758982E-01
       242 -3.000748E-01 -1.367141E-01 -5.901858E-01
       243 -3.302725E-01 -1.388907E-01 -7.053274E-01
       244 -3.599692E-01 -1.408243E-01 -8.174285E-01
       245 -3.892511E-01 -1.427855E-01 -9.272539E-01
       246 -4.177896E-01 -1.448282E-01 -1.035264E+00
       247 -2.337607E-02 -1.532285E-01  1.815162E-02
       248 -4.662317E-02 -1.530502E-01  2.651420E-02
       249 -6.666307E-02 -1.528726E-01  3.056657E-02
       250 -8.668014E-02 -1.528379E-01  2.050831E-02
       251 -1.072201E-01 -1.530189E-01 -2.897996E-03
       252 -1.282894E-01 -1.536243E-01 -3.907795E-02
       253 -1.503626E-01 -1.543260E-01 -8.628973E-02
       254 -1.729492E-01 -1.548103E-01 -1.431550E-01
       255 -1.961271E-01 -1.550934E-01 -2.100375E-01
       256 -2.196602E-01 -1.555196E-01 -2.890751E-01
       257 -2.441343E-01 -1.564923E-01 -3.827995E-01
       258 -2.702997E-01 -1.577404E-01 -4.925909E-01
       259 -3.001502E-01 -1.596266E-01 -6.099648E-01
       260 -3.302944E-01 -1.619670E-01 -7.255984E-01
       261 -3.599378E-01 -1.642432E-01 -8.388613E-01
       262 -3.893585E-01 -1.666075E-01 -9.499166E-01
       263 -4.180184E-01 -1.690320E-01 -1.059013E+00
       264 -2.339831E-02 -1.747666E-01  5.423714E-03
       265 -4.633644E-02 -1.743234E-01  1.415798E-02
       266 -6.638965E-02 -1.736190E-01  1.825113E-02
       267 -8.635897E-02 -1.733366E-01  8.829714E-03
       268 -1.068399E-01 -1.733453E-01 -1.346491E-02
       269 -1.278136E-01 -1.736375E-01 -4.802548E-02
       270 -1.494437E-01 -1.741242E-01 -9.427789E-02
       271 -1.717174E-01 -1.747398E-01 -1.519201E-01
       272 -1.946536E-01 -1.755139E-01 -2.214164E-01
       273 -2.183834E-01 -1.765642E-01 -3.040017E-01
       274 -2.431338E-01 -1.780423E-01 -4.012026E-01
       275 -2.696281E-01 -1.801029E-01 -5.144899E-01
       276 -3.000711E-01 -1.825422E-01 -6.342252E-01
       277 -3.303266E-01 -1.851128E-01 -7.511348E-01
       278 -3.601310E-01 -1.877867E-01 -8.655523E-01
       279 -3.896540E-01 -1.905217E-01 -9.776297E-01
       280 -4.184268E-01 -1.933203E-01 -1.087665E+00
       281 -2.377162E-02 -1.964494E-01 -1.462053E-02
       282 -4.575437E-02 -1.957732E-01 -5.903776E-03
       283 -6.595547E-02 -1.945366E-01 -3.740789E-03
       284 -8.616870E-02 -1.939546E-01 -1.349631E-02
       285 -1.066690E-01 -1.937866E-01 -3.524725E-02
       286 -1.275760E-01 -1.939601E-01 -6.903475E-02
       287 -1.490311E-01 -1.944317E-01 -1.148649E-01
       288 -1.711299E-01 -1.951844E-01 -1.729149E-01
       289 -1.939827E-01 -1.962598E-01 -2.437270E-01
       290 -2.177739E-01 -1.977544E-01 -3.282319E-01
       291 -2.427068E-01 -1.997752E-01 -4.275673E-01
       292 -2.694547E-01 -2.024180E-01 -5.428504E-01
       293 -3.001556E-01 -2.053970E-01 -6.641971E-01
       294 -3.305918E-01 -2.084111E-01 -7.823138E-01
       295 -3.605251E-01 -2.114603E-01 -8.976941E-01
       296 -3.901487E-01 -2.145533E-01 -1.010634E+00
       297 -4.190270E-01 -2.177173E-01 -1.121454E+00
       298 -2.419377E-02 -2.172906E-01 -4.593336E-02
       299 -4.528592E-02 -2.164099E-01 -3.739448E-02
       300 -6.571235E-02 -2.153917E-01 -3.729412E-02
       301 -8.622678E-02 -2.148134E-01 -4.749864E-02
       302 -1.068066E-01 -2.145522E-01 -6.887221E-02
       303 -1.277276E-01 -2.146555E-01 -1.020514E-01
       304 -1.491331E-01 -2.151306E-01 -1.474291E-01
       305 -1.711759E-01 -2.160096E-01 -2.054399E-01
       306 -1.940111E-01 -2.173483E-01 -2.766760E-01
       307 -2.178486E-01 -2.192249E-01 -3.619403E-01
       308 -2.428779E-01 -2.217224E-01 -4.621821E-01
       309 -2.697521E-01 -2.249135E-01 -5.783836E-01
       310 -3.005831E-01 -2.284142E-01 -7.005623E-01
       311 -3.311236E-01 -2.318587E-01 -8.194224E-01
       312 -3.611495E-01 -2.352836E-01 -9.355021E-01
       313 -3.908627E-01 -2.387285E-01 -1.049104E+00
       314 -4.198335E-01 -2.422429E-01 -1.160545E+00
       315 -2.434286E-02 -2.387400E-01 -9.236730E-02
       316 -4.532663E-02 -2.376752E-01 -8.404639E-02
       317 -6.601088E-02 -2.367688E-01 -8.434488E-02
       318 -8.667467E-02 -2.361155E-01 -9.420000E-02
       319 -1.073805E-01 -2.357979E-01 -1.148605E-01
       320 -1.283624E-01 -2.358522E-01 -1.472154E-01
       321 -1.498002E-01 -2.363318E-01 -1.918647E-01
       322 -1.718629E-01 -2.373074E-01 -2.493385E-01
       323 -1.947254E-01 -2.388507E-01 -3.202276E-01
       324 -2.186018E-01 -2.410435E-01 -4.052616E-01
       325 -2.436695E-01 -2.439650E-01 -5.053194E-01
       326 -2.705658E-01 -2.476714E-01 -6.213794E-01
       327 -3.014026E-01 -2.516745E-01 -7.435548E-01
       328 -3.319620E-01 -2.555285E-01 -8.626317E-01
       329 -3.620369E-01 -2.593019E-01 -9.790962E-01
       330 -3.918178E-01 -2.630721E-01 -1.093146E+00
       331 -4.208667E-01 -2.669134E-01 -1.205034E+00
       332 -2.437123E-02 -2.611375E-01 -1.538259E-01
       333 -4.567735E-02 -2.596722E-01 -1.461823E-01
       334 -6.677235E-02 -2.587761E-01 -1.458029E-01
       335 -8.759285E-02 -2.581682E-01 -1.542732E-01
       336 -1.084690E-01 -2.577324E-01 -1.736286E-01
       337 -1.295475E-01 -2.577020E-01 -2.047518E-01
       338 -1.510776E-01 -2.581463E-01 -2.482999E-01
       339 -1.732233E-01 -2.591635E-01 -3.047416E-01
       340 -1.961573E-01 -2.608462E-01 -3.745868E-01
       341 -2.200885E-01 -2.632937E-01 -4.584573E-01
       342 -2.451532E-01 -2.665928E-01 -5.571786E-01
       343 -2.719545E-01 -2.707690E-01 -6.718962E-01
       344 -3.026446E-01 -2.752329E-01 -7.931102E-01
       345 -3.331088E-01 -2.794712E-01 -9.118478E-01
       346 -3.631878E-01 -2.835619E-01 -1.028448E+00
       347 -3.930315E-01 -2.876135E-01 -1.142786E+00
       348 -4.221551E-01 -2.917426E-01 -1.254946E+00
       349 -2.388409E-02 -2.847373E-01 -2.303634E-01
       350 -4.616983E-02 -2.828788E-01 -2.251521E-01
       351 -6.837994E-02 -2.818775E-01 -2.228442E-01
       352 -8.916510E-02 -2.812045E-01 -2.279888E-01
       353 -1.100814E-01 -2.805672E-01 -2.453608E-01
       354 -1.313348E-01 -2.803525E-01 -2.749094E-01
       355 -1.530136E-01 -2.807017E-01 -3.170043E-01
       356 -1.753012E-01 -2.816944E-01 -3.719997E-01
       357 -1.983645E-01 -2.834305E-01 -4.402028E-01
       358 -2.223884E-01 -2.860305E-01 -5.220108E-01
       359 -2.474177E-01 -2.895882E-01 -6.181398E-01
       360 -2.740531E-01 -2.943286E-01 -7.297276E-01
       361 -3.042770E-01 -2.993943E-01 -8.484853E-01
       362 -3.344593E-01 -3.037974E-01 -9.666390E-01
       363 -3.646351E-01 -3.080142E-01 -1.083502E+00
       364 -3.945400E-01 -3.123512E-01 -1.197995E+00
       365 -4.237417E-01 -3.167395E-01 -1.310231E+00
       366 -2.342134E-02 -3.108769E-01 -3.166003E-01
       367 -4.673559E-02 -3.093348E-01 -3.143926E-01
       368 -7.003896E-02 -3.073476E-01 -3.115134E-01
       369 -9.103379E-02 -3.054261E-01 -3.146198E-01
       370 -1.122442E-01 -3.044213E-01 -3.301021E-01
       371 -1.337070E-01 -3.040656E-01 -3.577900E-01
       372 -1.556385E-01 -3.041969E-01 -3.983244E-01
       373 -1.781470E-01 -3.050688E-01 -4.516464E-01
       374 -2.014124E-01 -3.067551E-01 -5.177972E-01
       375 -2.255777E-01 -3.093654E-01 -5.968345E-01
       376 -2.507547E-01 -3.130688E-01 -6.889158E-01
       377 -2.772814E-01 -3.182676E-01 -7.942931E-01
       378 -3.061946E-01 -3.238363E-01 -9.080482E-01
       379 -3.355755E-01 -3.283988E-01 -1.026093E+00
       380 -3.662818E-01 -3.327043E-01 -1.144259E+00
       381 -3.964541E-01 -3.372822E-01 -1.258785E+00
       382 -4.256833E-01 -3.419192E-01 -1.370741E+00
       383 -2.356658E-02 -3.375872E-01 -4.069268E-01
       384 -4.714905E-02 -3.362040E-01 -4.073510E-01
       385 -7.068117E-02 -3.335721E-01 -4.082570E-01
       386 -9.288193E-02 -3.309192E-01 -4.140112E-01
       387 -1.152348E-01 -3.294754E-01 -4.282906E-01
       388 -1.368446E-01 -3.287751E-01 -4.535941E-01
       389 -1.589568E-01 -3.287019E-01 -4.926254E-01
       390 -1.818138E-01 -3.293873E-01 -5.443831E-01
       391 -2.053685E-01 -3.309263E-01 -6.083629E-01
       392 -2.297426E-01 -3.333830E-01 -6.843169E-01
       393 -2.551199E-01 -3.367940E-01 -7.718393E-01
       394 -2.815873E-01 -3.413194E-01 -8.702328E-01
       395 -3.091720E-01 -3.465173E-01 -9.778305E-01
       396 -3.376982E-01 -3.519925E-01 -1.093927E+00
       397 -3.686225E-01 -3.574184E-01 -1.211607E+00
       398 -3.989093E-01 -3.624350E-01 -1.325109E+00
       399 -4.280682E-01 -3.672882E-01 -1.436139E+00
       400 -2.391004E-02 -3.647133E-01 -5.001018E-01
       401 -4.769974E-02 -3.635827E-01 -5.030235E-01
       402 -7.136589E-02 -3.616642E-01 -5.087654E-01
       403 -9.468932E-02 -3.594004E-01 -5.191842E-01
       404 -1.180075E-01 -3.570715E-01 -5.356515E-01
       405 -1.403145E-01 -3.552879E-01 -5.617034E-01
       406 -1.630273E-01 -3.547899E-01 -6.004485E-01
       407 -1.863774E-01 -3.552783E-01 -6.510643E-01
       408 -2.103258E-01 -3.566192E-01 -7.130440E-01
       409 -2.349862E-01 -3.588219E-01 -7.859980E-01
       410 -2.604731E-01 -3.619095E-01 -8.693985E-01
       411 -2.868762E-01 -3.658598E-01 -9.624218E-01
       412 -3.141399E-01 -3.706715E-01 -1.064031E+00
       413 -3.422996E-01 -3.766534E-01 -1.173551E+00
       414 -3.722275E-01 -3.827328E-01 -1.285771E+00
       415 -4.019169E-01 -3.879840E-01 -1.396322E+00
       416 -4.307952E-01 -3.929319E-01 -1.505707E+00
       417 -2.442850E-02 -3.915986E-01 -5.945877E-01
       418 -4.876328E-02 -3.906717E-01 -5.994299E-01
       419 -7.292682E-02 -3.892691E-01 -6.083077E-01
       420 -9.680864E-02 -3.876288E-01 -6.224578E-01
       421 -1.205504E-01 -3.858027E-01 -6.431916E-01
       422 -1.439298E-01 -3.844317E-01 -6.725293E-01
       423 -1.675051E-01 -3.840385E-01 -7.120604E-01
       424 -1.913613E-01 -3.844308E-01 -7.619939E-01
       425 -2.156937E-01 -3.856022E-01 -8.222486E-01
       426 -2.406015E-01 -3.875359E-01 -8.924748E-01
       427 -2.661828E-01 -3.902477E-01 -9.721365E-01
       428 -2.924943E-01 -3.937645E-01 -1.060480E+00
       429 -3.196389E-01 -3.980373E-01 -1.156388E+00
       430 -3.475210E-01 -4.031194E-01 -1.258452E+00
       431 -3.762667E-01 -4.084496E-01 -1.364051E+00
       432 -4.052571E-01 -4.133992E-01 -1.470891E+00
       433 -4.340320E-01 -4.184540E-01 -1.578164E+00
       434 -1.131698E-02 -2.232672E-02  8.243058E-04
       435 -2.263132E-02 -1.116992E-02 -1.659585E-03
       436 -3.392291E-02 -2.237018E-02 -3.055444E-03
       437 -4.523027E-02 -1.119061E-02 -7.680338E-03
       438 -5.652630E-02 -2.236990E-02 -1.114641E-02
       439 -6.796785E-02 -1.115246E-02 -1.794610E-02
       440 -7.909791E-02 -2.238326E-02 -2.377356E-02
       441 -9.042436E-02 -1.110543E-02 -3.245607E-02
       442 -1.022492E-01 -2.156069E-02 -4.081103E-02
       443 -1.155323E-01 -1.022174E-02 -4.910239E-02
       444 -1.244642E-01 -1.922631E-02 -6.256801E-02
       445 -1.348302E-01 -9.313880E-03 -7.379778E-02
       446 -1.459988E-01 -1.835404E-02 -9.569835E-02
       447 -1.572353E-01 -9.239834E-03 -1.119859E-01
       448 -1.685963E-01 -1.832276E-02 -1.399569E-01
       449 -1.798988E-01 -9.191962E-03 -1.611060E-01
       450 -1.917316E-01 -1.833953E-02 -1.945031E-01
       451 -2.032870E-01 -9.242745E-03 -2.205201E-01
       452 -2.154916E-01 -1.847471E-02 -2.590078E-01
       453 -2.273223E-01 -9.321504E-03 -2.899289E-01
       454 -2.398932E-01 -1.870102E-02 -3.334366E-01
       455 -2.519592E-01 -9.471551E-03 -3.693837E-01
       456 -2.651128E-01 -1.889295E-02 -4.177925E-01
       457 -2.777849E-01 -9.605746E-03 -4.588664E-01
       458 -2.907662E-01 -1.987212E-02 -5.121253E-01
       459 -3.022337E-01 -1.057247E-02 -5.602852E-01
       460 -3.184681E-01 -2.233024E-02 -6.151897E-01
       461 -3.332606E-01 -1.153456E-02 -6.659187E-01
       462 -3.474618E-01 -2.334376E-02 -7.190763E-01
       463 -3.616464E-01 -1.170312E-02 -7.699476E-01
       464 -3.757336E-01 -2.361843E-02 -8.228563E-01
       465 -3.897230E-01 -1.190352E-02 -8.735980E-01
       466 -4.048951E-01 -2.397119E-02 -9.261830E-01
       467 -4.199435E-01 -1.206563E-02 -9.764313E-01
       468 -4.290371E-01 -2.430689E-02 -1.029372E+00
       469 -1.131907E-02 -4.463057E-02  4.724426E-03
       470 -2.262409E-02 -3.351636E-02  1.107583E-03
       471 -3.393530E-02 -4.477878E-02  1.296433E-03
       472 -4.521031E-02 -3.362535E-02 -4.637494E-03
       473 -5.639744E-02 -4.499078E-02 -6.277113E-03
       474 -6.771211E-02 -3.365323E-02 -1.494900E-02
       475 -7.873923E-02 -4.499532E-02 -1.922350E-02
       476 -9.020426E-02 -3.350819E-02 -3.042695E-02
       477 -1.010086E-01 -4.471656E-02 -3.854850E-02
       478 -1.130054E-01 -3.248736E-02 -5.178438E-02
       479 -1.232427E-01 -4.437699E-02 -6.574680E-02
       480 -1.347723E-01 -3.139600E-02 -8.141526E-02
       481 -1.457005E-01 -4.390824E-02 -1.020333E-01
       482 -1.572500E-01 -3.114167E-02 -1.212783E-01
       483 -1.685657E-01 -4.371276E-02 -1.479155E-01
       484 -1.802205E-01 -3.110030E-02 -1.712447E-01
       485 -1.919469E-01 -4.388158E-02 -2.031349E-01
       486 -2.037811E-01 -3.128490E-02 -2.309682E-01
       487 -2.158171E-01 -4.426832E-02 -2.678130E-01
       488 -2.278925E-01 -3.157262E-02 -3.004923E-01
       489 -2.402718E-01 -4.469578E-02 -3.423519E-01
       490 -2.527125E-01 -3.192520E-02 -3.798931E-01
       491 -2.655426E-01 -4.515904E-02 -4.266955E-01
       492 -2.784218E-01 -3.233206E-02 -4.689693E-01
       493 -2.918446E-01 -4.567002E-02 -5.200256E-01
       494 -3.048417E-01 -3.350413E-02 -5.665857E-01
       495 -3.192164E-01 -4.607412E-02 -6.198246E-01
       496 -3.332105E-01 -3.470874E-02 -6.689635E-01
       497 -3.473914E-01 -4.668291E-02 -7.229081E-01
       498 -3.616906E-01 -3.521311E-02 -7.726297E-01
       499 -3.756470E-01 -4.731792E-02 -8.268384E-01
       500 -3.896573E-01 -3.571402E-02 -8.763919E-01
       501 -4.048177E-01 -4.794344E-02 -9.305643E-01
       502 -4.199106E-01 -3.620266E-02 -9.794806E-01
       503 -4.290040E-01 -4.861799E-02 -1.034160E+00
       504 -1.139182E-02 -6.687735E-02  1.059490E-02
       505 -2.268334E-02 -5.586417E-02  6.414997E-03
       506 -3.398829E-02 -6.716896E-02  8.484215E-03
       507 -4.509134E-02 -5.607556E-02  1.684705E-03
       508 -5.627768E-02 -6.739603E-02  2.561586E-03
       509 -6.744093E-02 -5.624283E-02 -7.938080E-03
       510 -7.826938E-02 -6.762906E-02 -9.591298E-03
       511 -8.957127E-02 -5.620704E-02 -2.422256E-02
       512 -1.001436E-01 -6.749936E-02 -3.018081E-02
       513 -1.115860E-01 -5.588841E-02 -4.848896E-02
       514 -1.222451E-01 -6.705273E-02 -6.027652E-02
       515 -1.340854E-01 -5.551881E-02 -8.174600E-02
       516 -1.447826E-01 -6.676606E-02 -9.976994E-02
       517 -1.567140E-01 -5.523529E-02 -1.242071E-01
       518 -1.679186E-01 -6.665528E-02 -1.478057E-01
       519 -1.800194E-01 -5.527966E-02 -1.754236E-01
       520 -1.914541E-01 -6.693669E-02 -2.035923E-01
       521 -2.035877E-01 -5.559760E-02 -2.354619E-01
       522 -2.153092E-01 -6.736111E-02 -2.681928E-01
       523 -2.278061E-01 -5.605445E-02 -3.050361E-01
       524 -2.396742E-01 -6.797043E-02 -3.428417E-01
       525 -2.526132E-01 -5.657144E-02 -3.847264E-01
       526 -2.648652E-01 -6.847652E-02 -4.280773E-01
       527 -2.783394E-01 -5.705187E-02 -4.740763E-01
       528 -2.912156E-01 -6.894361E-02 -5.227323E-01
       529 -3.053895E-01 -5.756985E-02 -5.713453E-01
       530 -3.186998E-01 -6.962186E-02 -6.239538E-01
       531 -3.330364E-01 -5.814875E-02 -6.735217E-01
       532 -3.470177E-01 -7.024874E-02 -7.283302E-01
       533 -3.615317E-01 -5.880778E-02 -7.775546E-01
       534 -3.754016E-01 -7.101026E-02 -8.333406E-01
       535 -3.895137E-01 -5.954264E-02 -8.819443E-01
       536 -4.046788E-01 -7.192447E-02 -9.379414E-01
       537 -4.198356E-01 -6.034352E-02 -9.856301E-01
       538 -4.289532E-01 -7.292822E-02 -1.042261E+00
       539 -1.143585E-02 -8.878282E-02  1.707063E-02
       540 -2.283473E-02 -7.800838E-02  1.359120E-02
       541 -3.483364E-02 -8.971044E-02  1.753015E-02
       542 -4.576673E-02 -7.910106E-02  1.157505E-02
       543 -5.691132E-02 -9.228273E-02  1.717740E-02
       544 -6.721581E-02 -8.018290E-02  4.520858E-03
       545 -7.769707E-02 -9.324002E-02  7.528222E-03
       546 -8.880372E-02 -8.029049E-02 -1.123568E-02
       547 -9.908159E-02 -9.329297E-02 -1.317423E-02
       548 -1.105021E-01 -8.013327E-02 -3.728620E-02
       549 -1.201427E-01 -9.251822E-02 -4.595592E-02
       550 -1.322463E-01 -7.909226E-02 -7.410984E-02
       551 -1.427964E-01 -9.026948E-02 -9.098901E-02
       552 -1.556718E-01 -7.821262E-02 -1.198481E-01
       553 -1.667567E-01 -8.958592E-02 -1.416371E-01
       554 -1.792005E-01 -7.834177E-02 -1.724209E-01
       555 -1.909951E-01 -9.062239E-02 -1.974694E-01
       556 -2.033486E-01 -7.948165E-02 -2.319435E-01
       557 -2.145381E-01 -9.322756E-02 -2.593359E-01
       558 -2.268011E-01 -8.079470E-02 -3.009676E-01
       559 -2.378841E-01 -9.444398E-02 -3.341270E-01
       560 -2.513683E-01 -8.134231E-02 -3.814498E-01
       561 -2.629356E-01 -9.493826E-02 -4.215016E-01
       562 -2.770373E-01 -8.183267E-02 -4.729340E-01
       563 -2.887659E-01 -9.476599E-02 -5.202143E-01
       564 -3.036721E-01 -8.162472E-02 -5.734571E-01
       565 -3.169153E-01 -9.331370E-02 -6.277899E-01
       566 -3.323227E-01 -8.156790E-02 -6.786294E-01
       567 -3.463605E-01 -9.354080E-02 -7.356418E-01
       568 -3.610835E-01 -8.238199E-02 -7.846844E-01
       569 -3.750311E-01 -9.467773E-02 -8.426619E-01
       570 -3.892871E-01 -8.335992E-02 -8.903887E-01
       571 -4.045111E-01 -9.588310E-02 -9.485781E-01
       572 -4.197321E-01 -8.448037E-02 -9.950464E-01
       573 -4.289134E-01 -9.723695E-02 -1.053893E+00
       574 -1.147489E-02 -1.105018E-01  2.170317E-02
       575 -2.288833E-02 -9.981999E-02  2.039448E-02
       576 -3.567446E-02 -1.107944E-01  2.485991E-02
       577 -4.793304E-02 -1.009423E-01  2.400779E-02
       578 -5.757344E-02 -1.110915E-01  3.045059E-02
       579 -6.684363E-02 -1.021105E-01  2.270623E-02
       580 -7.715390E-02 -1.114624E-01  2.388222E-02
       581 -8.795391E-02 -1.023239E-01  8.393424E-03
       582 -9.813194E-02 -1.116717E-01  4.028185E-03
       583 -1.092476E-01 -1.024030E-01 -1.829644E-02
       584 -1.180231E-01 -1.117438E-01 -2.996084E-02
       585 -1.285680E-01 -1.015338E-01 -6.008226E-02
       586 -1.406193E-01 -1.117785E-01 -7.928328E-02
       587 -1.544682E-01 -1.007887E-01 -1.106893E-01
       588 -1.652109E-01 -1.119681E-01 -1.318705E-01
       589 -1.776472E-01 -1.010163E-01 -1.646300E-01
       590 -1.900146E-01 -1.123188E-01 -1.883440E-01
       591 -2.038947E-01 -1.021923E-01 -2.217518E-01
       592 -2.132191E-01 -1.128153E-01 -2.486566E-01
       593 -2.246104E-01 -1.035361E-01 -2.888392E-01
       594 -2.355005E-01 -1.132993E-01 -3.251482E-01
       595 -2.490110E-01 -1.039855E-01 -3.713223E-01
       596 -2.606925E-01 -1.137982E-01 -4.161880E-01
       597 -2.749019E-01 -1.045873E-01 -4.664155E-01
       598 -2.860551E-01 -1.145938E-01 -5.200569E-01
       599 -2.997974E-01 -1.045165E-01 -5.743272E-01
       600 -3.149930E-01 -1.155502E-01 -6.348090E-01
       601 -3.315185E-01 -1.046551E-01 -6.858228E-01
       602 -3.457463E-01 -1.167768E-01 -7.462924E-01
       603 -3.604940E-01 -1.058314E-01 -7.946838E-01
       604 -3.746797E-01 -1.182378E-01 -8.555270E-01
       605 -3.890511E-01 -1.071387E-01 -9.021625E-01
       606 -4.043914E-01 -1.198349E-01 -9.629280E-01
       607 -4.196484E-01 -1.086099E-01 -1.008045E+00
       608 -4.289358E-01 -1.215486E-01 -1.069375E+00
       609 -1.152521E-02 -1.318890E-01  2.192019E-02
       610 -2.301581E-02 -1.212881E-01  2.393275E-02
       611 -3.570198E-02 -1.319736E-01  2.667160E-02
       612 -4.862488E-02 -1.214988E-01  3.061669E-02
       613 -5.746880E-02 -1.321571E-01  3.458929E-02
       614 -6.665657E-02 -1.217500E-01  3.265902E-02
       615 -7.681523E-02 -1.323552E-01  3.022352E-02
       616 -8.733648E-02 -1.220298E-01  2.027969E-02
       617 -9.738524E-02 -1.324682E-01  1.188265E-02
       618 -1.082165E-01 -1.221950E-01 -5.719875E-03
       619 -1.177129E-01 -1.333976E-01 -2.053652E-02
       620 -1.272098E-01 -1.231447E-01 -4.768828E-02
       621 -1.398039E-01 -1.357676E-01 -6.665369E-02
       622 -1.528650E-01 -1.240922E-01 -9.908592E-02
       623 -1.633118E-01 -1.368471E-01 -1.193848E-01
       624 -1.758290E-01 -1.244135E-01 -1.543138E-01
       625 -1.871683E-01 -1.365134E-01 -1.782695E-01
       626 -2.019039E-01 -1.240978E-01 -2.132652E-01
       627 -2.103675E-01 -1.348599E-01 -2.444145E-01
       628 -2.224529E-01 -1.237764E-01 -2.829658E-01
       629 -2.335573E-01 -1.348369E-01 -3.253475E-01
       630 -2.468548E-01 -1.243735E-01 -3.692424E-01
       631 -2.582212E-01 -1.349368E-01 -4.217076E-01
       632 -2.724676E-01 -1.243289E-01 -4.695487E-01
       633 -2.851100E-01 -1.345876E-01 -5.323391E-01
       634 -2.985063E-01 -1.254437E-01 -5.824402E-01
       635 -3.150270E-01 -1.375008E-01 -6.483306E-01
       636 -3.307525E-01 -1.275726E-01 -6.974723E-01
       637 -3.452881E-01 -1.399646E-01 -7.618022E-01
       638 -3.601036E-01 -1.291306E-01 -8.087196E-01
       639 -3.745282E-01 -1.417761E-01 -8.727290E-01
       640 -3.888914E-01 -1.309067E-01 -9.178888E-01
       641 -4.043865E-01 -1.438007E-01 -9.815030E-01
       642 -4.196549E-01 -1.327435E-01 -1.025043E+00
       643 -4.290752E-01 -1.458859E-01 -1.089069E+00
       644 -1.153586E-02 -1.532891E-01  1.600658E-02
       645 -2.306372E-02 -1.425866E-01  2.168316E-02
       646 -3.564533E-02 -1.532128E-01  2.157565E-02
       647 -4.844392E-02 -1.425575E-01  2.987957E-02
       648 -5.727251E-02 -1.529487E-01  3.067480E-02
       649 -6.643052E-02 -1.425277E-01  3.370949E-02
       650 -7.649552E-02 -1.527904E-01  2.760043E-02
       651 -8.693436E-02 -1.426260E-01  2.298482E-02
       652 -9.688579E-02 -1.528951E-01  1.077398E-02
       653 -1.073882E-01 -1.428612E-01 -1.370769E-03
       654 -1.176864E-01 -1.532432E-01 -1.920119E-02
       655 -1.282444E-01 -1.439735E-01 -3.891796E-02
       656 -1.392515E-01 -1.536350E-01 -6.097831E-02
       657 -1.509443E-01 -1.451262E-01 -8.705037E-02
       658 -1.615683E-01 -1.541634E-01 -1.131156E-01
       659 -1.738634E-01 -1.455491E-01 -1.434153E-01
       660 -1.844318E-01 -1.546051E-01 -1.748091E-01
       661 -1.975233E-01 -1.452571E-01 -2.082846E-01
       662 -2.077179E-01 -1.552217E-01 -2.476104E-01
       663 -2.205126E-01 -1.450160E-01 -2.848539E-01
       664 -2.319127E-01 -1.559218E-01 -3.336700E-01
       665 -2.452231E-01 -1.457938E-01 -3.759107E-01
       666 -2.562654E-01 -1.570701E-01 -4.352897E-01
       667 -2.693292E-01 -1.462457E-01 -4.838723E-01
       668 -2.846543E-01 -1.589372E-01 -5.518223E-01
       669 -3.003420E-01 -1.478559E-01 -5.998680E-01
       670 -3.154643E-01 -1.608255E-01 -6.680974E-01
       671 -3.302111E-01 -1.504527E-01 -7.148337E-01
       672 -3.451632E-01 -1.630707E-01 -7.826297E-01
       673 -3.600408E-01 -1.525074E-01 -8.276173E-01
       674 -3.745835E-01 -1.654237E-01 -8.947917E-01
       675 -3.888844E-01 -1.546924E-01 -9.381347E-01
       676 -4.045516E-01 -1.678091E-01 -1.004732E+00
       677 -4.198058E-01 -1.569171E-01 -1.046456E+00
       678 -4.293678E-01 -1.702812E-01 -1.113319E+00
       679 -1.144839E-02 -1.747462E-01  3.000402E-03
       680 -2.289791E-02 -1.638710E-01  1.255284E-02
       681 -3.551761E-02 -1.742823E-01  8.884281E-03
       682 -4.841140E-02 -1.635585E-01  2.142020E-02
       683 -5.705760E-02 -1.738934E-01  1.834575E-02
       684 -6.611612E-02 -1.632502E-01  2.598127E-02
       685 -7.616123E-02 -1.734668E-01  1.552980E-02
       686 -8.660546E-02 -1.630514E-01  1.625852E-02
       687 -9.657299E-02 -1.732831E-01 -4.241361E-04
       688 -1.069568E-01 -1.631864E-01 -6.495180E-03
       689 -1.172248E-01 -1.734647E-01 -2.892397E-02
       690 -1.281282E-01 -1.635198E-01 -4.169800E-02
       691 -1.385276E-01 -1.739225E-01 -6.942378E-02
       692 -1.497915E-01 -1.640125E-01 -8.830739E-02
       693 -1.604860E-01 -1.745087E-01 -1.213699E-01
       694 -1.722645E-01 -1.645608E-01 -1.456051E-01
       695 -1.830998E-01 -1.751610E-01 -1.848301E-01
       696 -1.951802E-01 -1.651846E-01 -2.140128E-01
       697 -2.063705E-01 -1.759949E-01 -2.606721E-01
       698 -2.188568E-01 -1.660432E-01 -2.951136E-01
       699 -2.307045E-01 -1.772339E-01 -3.503644E-01
       700 -2.439244E-01 -1.671981E-01 -3.906135E-01
       701 -2.555039E-01 -1.789700E-01 -4.555593E-01
       702 -2.680082E-01 -1.690181E-01 -5.029491E-01
       703 -2.842822E-01 -1.812473E-01 -5.749025E-01
       704 -3.006317E-01 -1.711816E-01 -6.215699E-01
       705 -3.153921E-01 -1.837940E-01 -6.931244E-01
       706 -3.301818E-01 -1.734990E-01 -7.377979E-01
       707 -3.453124E-01 -1.864545E-01 -8.087715E-01
       708 -3.601500E-01 -1.760094E-01 -8.516552E-01
       709 -3.748225E-01 -1.891485E-01 -9.220085E-01
       710 -3.890807E-01 -1.785516E-01 -9.632949E-01
       711 -4.049054E-01 -1.919117E-01 -1.032933E+00
       712 -4.201251E-01 -1.811612E-01 -1.072628E+00
       713 -4.298333E-01 -1.947600E-01 -1.142412E+00
       714 -1.218988E-02 -1.965914E-01 -1.818972E-02
       715 -2.339875E-02 -1.859418E-01 -3.922585E-03
       716 -3.540749E-02 -1.976214E-01 -9.950675E-03
       717 -4.762357E-02 -1.853623E-01  5.089281E-03
       718 -5.611543E-02 -1.954106E-01 -3.011183E-03
       719 -6.582620E-02 -1.840079E-01  9.011790E-03
       720 -7.597597E-02 -1.940618E-01 -6.803502E-03
       721 -8.630142E-02 -1.836341E-01 -6.410686E-04
       722 -9.637635E-02 -1.938407E-01 -2.255741E-02
       723 -1.067007E-01 -1.835229E-01 -2.259159E-02
       724 -1.170519E-01 -1.938193E-01 -5.033210E-02
       725 -1.276306E-01 -1.837655E-01 -5.672269E-02
       726 -1.382202E-01 -1.941370E-01 -9.013232E-02
       727 -1.491648E-01 -1.842496E-01 -1.027412E-01
       728 -1.599786E-01 -1.947400E-01 -1.420310E-01
       729 -1.713236E-01 -1.849341E-01 -1.606450E-01
       730 -1.824407E-01 -1.956507E-01 -2.063747E-01
       731 -1.942420E-01 -1.858512E-01 -2.309246E-01
       732 -2.057007E-01 -1.969361E-01 -2.839135E-01
       733 -2.178991E-01 -1.871179E-01 -3.146668E-01
       734 -2.301926E-01 -1.986815E-01 -3.756642E-01
       735 -2.431836E-01 -1.888800E-01 -4.129833E-01
       736 -2.551743E-01 -2.010092E-01 -4.829635E-01
       737 -2.677338E-01 -1.912326E-01 -5.279431E-01
       738 -2.842477E-01 -2.039214E-01 -6.041619E-01
       739 -3.004656E-01 -1.939431E-01 -6.485826E-01
       740 -3.155989E-01 -2.069048E-01 -7.237429E-01
       741 -3.303655E-01 -1.967521E-01 -7.661256E-01
       742 -3.456381E-01 -2.099313E-01 -8.404522E-01
       743 -3.604270E-01 -1.996075E-01 -8.810453E-01
       744 -3.752694E-01 -2.130024E-01 -9.545980E-01
       745 -3.894776E-01 -2.025248E-01 -9.936346E-01
       746 -4.054532E-01 -2.161250E-01 -1.066341E+00
       747 -4.206279E-01 -2.055004E-01 -1.103826E+00
       748 -4.304855E-01 -2.193460E-01 -1.176572E+00
       749 -1.296771E-02 -2.174856E-01 -5.061120E-02
       750 -2.550243E-02 -2.071569E-01 -2.813638E-02
       751 -3.538447E-02 -2.165512E-01 -4.020002E-02
       752 -4.534118E-02 -2.063625E-01 -1.924242E-02
       753 -5.531470E-02 -2.158398E-01 -3.588028E-02
       754 -6.582081E-02 -2.048775E-01 -1.869278E-02
       755 -7.600856E-02 -2.150849E-01 -4.075155E-02
       756 -8.614216E-02 -2.043472E-01 -2.865083E-02
       757 -9.647020E-02 -2.146236E-01 -5.644337E-02
       758 -1.066816E-01 -2.041091E-01 -5.024737E-02
       759 -1.172065E-01 -2.145505E-01 -8.366943E-02
       760 -1.275892E-01 -2.042424E-01 -8.373949E-02
       761 -1.383474E-01 -2.148385E-01 -1.229046E-01
       762 -1.490012E-01 -2.047087E-01 -1.293698E-01
       763 -1.600516E-01 -2.155116E-01 -1.745415E-01
       764 -1.710580E-01 -2.055269E-01 -1.874651E-01
       765 -1.824751E-01 -2.166099E-01 -2.390789E-01
       766 -1.939068E-01 -2.067432E-01 -2.585887E-01
       767 -2.057483E-01 -2.182038E-01 -3.172232E-01
       768 -2.176380E-01 -2.084414E-01 -3.436357E-01
       769 -2.303056E-01 -2.203782E-01 -4.098293E-01
       770 -2.430575E-01 -2.107003E-01 -4.434410E-01
       771 -2.554136E-01 -2.232188E-01 -5.180523E-01
       772 -2.677699E-01 -2.136461E-01 -5.598482E-01
       773 -2.846143E-01 -2.266804E-01 -6.401219E-01
       774 -3.007356E-01 -2.168901E-01 -6.817024E-01
       775 -3.160739E-01 -2.301477E-01 -7.604915E-01
       776 -3.307533E-01 -2.201144E-01 -8.002403E-01
       777 -3.462190E-01 -2.335760E-01 -8.779219E-01
       778 -3.609323E-01 -2.233531E-01 -9.160044E-01
       779 -3.759394E-01 -2.370044E-01 -9.927459E-01
       780 -3.900807E-01 -2.266260E-01 -1.029357E+00
       781 -4.062134E-01 -2.404739E-01 -1.105129E+00
       782 -4.213291E-01 -2.299587E-01 -1.140251E+00
       783 -4.313387E-01 -2.440550E-01 -1.215961E+00
       784 -1.291370E-02 -2.391850E-01 -9.709912E-02
       785 -2.608688E-02 -2.277986E-01 -6.714996E-02
       786 -3.545757E-02 -2.381701E-01 -8.691188E-02
       787 -4.477764E-02 -2.268084E-01 -5.844944E-02
       788 -5.557491E-02 -2.371256E-01 -8.278239E-02
       789 -6.592623E-02 -2.260148E-01 -5.878998E-02
       790 -7.636570E-02 -2.363723E-01 -8.769085E-02
       791 -8.635077E-02 -2.253772E-01 -6.890591E-02
       792 -9.698681E-02 -2.359140E-01 -1.028315E-01
       793 -1.070321E-01 -2.250953E-01 -9.000872E-02
       794 -1.178179E-01 -2.357667E-01 -1.292588E-01
       795 -1.279662E-01 -2.251739E-01 -1.228189E-01
       796 -1.390013E-01 -2.360265E-01 -1.676968E-01
       797 -1.493815E-01 -2.256550E-01 -1.678815E-01
       798 -1.607284E-01 -2.367439E-01 -2.186950E-01
       799 -1.714205E-01 -2.265867E-01 -2.256920E-01
       800 -1.831736E-01 -2.379930E-01 -2.827964E-01
       801 -1.942821E-01 -2.280337E-01 -2.968411E-01
       802 -2.064811E-01 -2.398517E-01 -3.606626E-01
       803 -2.180479E-01 -2.300758E-01 -3.821379E-01
       804 -2.310832E-01 -2.424010E-01 -4.530618E-01
       805 -2.435337E-01 -2.327871E-01 -4.822992E-01
       806 -2.562140E-01 -2.457101E-01 -5.611165E-01
       807 -2.683214E-01 -2.362563E-01 -5.990994E-01
       808 -2.854265E-01 -2.496872E-01 -6.831107E-01
       809 -3.013486E-01 -2.400073E-01 -7.213786E-01
       810 -3.169084E-01 -2.536048E-01 -8.035804E-01
       811 -3.314423E-01 -2.436644E-01 -8.403986E-01
       812 -3.470813E-01 -2.574243E-01 -9.213100E-01
       813 -3.616842E-01 -2.472706E-01 -9.567013E-01
       814 -3.768558E-01 -2.611911E-01 -1.036560E+00
       815 -3.909129E-01 -2.508831E-01 -1.070608E+00
       816 -4.072058E-01 -2.649807E-01 -1.149398E+00
       817 -4.222453E-01 -2.545543E-01 -1.182035E+00
       818 -4.324127E-01 -2.688978E-01 -1.260668E+00
       819 -1.301988E-02 -2.617632E-01 -1.582438E-01
       820 -2.614333E-02 -2.499053E-01 -1.211098E-01
       821 -3.569802E-02 -2.607071E-01 -1.486003E-01
       822 -4.513917E-02 -2.487542E-01 -1.127184E-01
       823 -5.603524E-02 -2.595264E-01 -1.445633E-01
       824 -6.629641E-02 -2.477225E-01 -1.129119E-01
       825 -7.718696E-02 -2.584769E-01 -1.485546E-01
       826 -8.706700E-02 -2.470142E-01 -1.222592E-01
       827 -9.801423E-02 -2.578927E-01 -1.622555E-01
       828 -1.078344E-01 -2.466661E-01 -1.423543E-01
       829 -1.189473E-01 -2.576549E-01 -1.874103E-01
       830 -1.288745E-01 -2.466725E-01 -1.741572E-01
       831 -1.402377E-01 -2.578412E-01 -2.246904E-01
       832 -1.503470E-01 -2.471443E-01 -2.183046E-01
       833 -1.620487E-01 -2.585637E-01 -2.746264E-01
       834 -1.724396E-01 -2.481471E-01 -2.753264E-01
       835 -1.845722E-01 -2.599014E-01 -3.377019E-01
       836 -1.953495E-01 -2.497691E-01 -3.457697E-01
       837 -2.079461E-01 -2.619541E-01 -4.144726E-01
       838 -2.191603E-01 -2.521007E-01 -4.303625E-01
       839 -2.325701E-01 -2.648047E-01 -5.056238E-01
       840 -2.446569E-01 -2.552071E-01 -5.297793E-01
       841 -2.576759E-01 -2.685659E-01 -6.122993E-01
       842 -2.694317E-01 -2.591907E-01 -6.458683E-01
       843 -2.867593E-01 -2.731213E-01 -7.330467E-01
       844 -3.023788E-01 -2.634477E-01 -7.676919E-01
       845 -3.180660E-01 -2.774605E-01 -8.528637E-01
       846 -3.324195E-01 -2.674786E-01 -8.866477E-01
       847 -3.482083E-01 -2.815408E-01 -9.705669E-01
       848 -3.627071E-01 -2.714031E-01 -1.003185E+00
       849 -3.780423E-01 -2.855783E-01 -1.086054E+00
       850 -3.919929E-01 -2.753249E-01 -1.117448E+00
       851 -4.084547E-01 -2.896630E-01 -1.199173E+00
       852 -4.234001E-01 -2.793019E-01 -1.229235E+00
       853 -4.337345E-01 -2.938801E-01 -1.310708E+00
       854 -1.234453E-02 -2.854622E-01 -2.330455E-01
       855 -2.569282E-02 -2.724609E-01 -1.901459E-01
       856 -3.526018E-02 -2.821070E-01 -2.274258E-01
       857 -4.555198E-02 -2.703923E-01 -1.829535E-01
       858 -5.750613E-02 -2.806571E-01 -2.237289E-01
       859 -6.775539E-02 -2.698500E-01 -1.820598E-01
       860 -7.906347E-02 -2.812265E-01 -2.236471E-01
       861 -8.827095E-02 -2.695445E-01 -1.892437E-01
       862 -9.952631E-02 -2.808597E-01 -2.349194E-01
       863 -1.092287E-01 -2.689997E-01 -2.076037E-01
       864 -1.206788E-01 -2.803841E-01 -2.583263E-01
       865 -1.303470E-01 -2.689207E-01 -2.379875E-01
       866 -1.420845E-01 -2.804827E-01 -2.941085E-01
       867 -1.519502E-01 -2.693176E-01 -2.808504E-01
       868 -1.640575E-01 -2.811213E-01 -3.426280E-01
       869 -1.741529E-01 -2.703332E-01 -3.366146E-01
       870 -1.867181E-01 -2.824728E-01 -4.041824E-01
       871 -1.971639E-01 -2.720556E-01 -4.056942E-01
       872 -2.102031E-01 -2.846214E-01 -4.791286E-01
       873 -2.210310E-01 -2.745871E-01 -4.886692E-01
       874 -2.348953E-01 -2.877119E-01 -5.679399E-01
       875 -2.465402E-01 -2.780483E-01 -5.861217E-01
       876 -2.598321E-01 -2.918128E-01 -6.716472E-01
       877 -2.710460E-01 -2.824447E-01 -7.001085E-01
       878 -2.885612E-01 -2.965876E-01 -7.896475E-01
       879 -3.038280E-01 -2.870826E-01 -8.203424E-01
       880 -3.196175E-01 -3.013036E-01 -9.079120E-01
       881 -3.337898E-01 -2.915364E-01 -9.387263E-01
       882 -3.496239E-01 -3.059008E-01 -1.025390E+00
       883 -3.639763E-01 -2.957876E-01 -1.055388E+00
       884 -3.794942E-01 -3.102115E-01 -1.141189E+00
       885 -3.933574E-01 -2.999603E-01 -1.169873E+00
       886 -4.100068E-01 -3.145320E-01 -1.254426E+00
       887 -4.248260E-01 -3.042169E-01 -1.281839E+00
       888 -4.353490E-01 -3.190089E-01 -1.366007E+00
       889 -1.170320E-02 -3.113668E-01 -3.174158E-01
       890 -2.386434E-02 -2.974463E-01 -2.730455E-01
       891 -3.484618E-02 -3.105540E-01 -3.158083E-01
       892 -4.605174E-02 -2.954184E-01 -2.698262E-01
       893 -5.906516E-02 -3.088455E-01 -3.134913E-01
       894 -7.094607E-02 -2.943032E-01 -2.662062E-01
       895 -8.121392E-02 -3.066368E-01 -3.108362E-01
       896 -8.972828E-02 -2.933816E-01 -2.693130E-01
       897 -1.013436E-01 -3.051303E-01 -3.204382E-01
       898 -1.110402E-01 -2.923859E-01 -2.858564E-01
       899 -1.229072E-01 -3.041088E-01 -3.422211E-01
       900 -1.324421E-01 -2.920115E-01 -3.145158E-01
       901 -1.446165E-01 -3.039106E-01 -3.762608E-01
       902 -1.542176E-01 -2.922879E-01 -3.558317E-01
       903 -1.667911E-01 -3.044405E-01 -4.231788E-01
       904 -1.766105E-01 -2.932234E-01 -4.100100E-01
       905 -1.896683E-01 -3.056975E-01 -4.829161E-01
       906 -1.997801E-01 -2.949447E-01 -4.772102E-01
       907 -2.133467E-01 -3.078499E-01 -5.554922E-01
       908 -2.237848E-01 -2.975834E-01 -5.577279E-01
       909 -2.380845E-01 -3.108638E-01 -6.410150E-01
       910 -2.492741E-01 -3.011838E-01 -6.517916E-01
       911 -2.634919E-01 -3.156000E-01 -7.397226E-01
       912 -2.739719E-01 -3.065370E-01 -7.613166E-01
       913 -2.914429E-01 -3.226968E-01 -8.505798E-01
       914 -3.056349E-01 -3.122510E-01 -8.782013E-01
       915 -3.206000E-01 -3.277703E-01 -9.663594E-01
       916 -3.347781E-01 -3.163564E-01 -9.959954E-01
       917 -3.507573E-01 -3.307243E-01 -1.085847E+00
       918 -3.655386E-01 -3.203054E-01 -1.113189E+00
       919 -3.813856E-01 -3.348917E-01 -1.202045E+00
       920 -3.950305E-01 -3.248032E-01 -1.227871E+00
       921 -4.119302E-01 -3.395931E-01 -1.315080E+00
       922 -4.265859E-01 -3.292900E-01 -1.339757E+00
       923 -4.372951E-01 -3.442737E-01 -1.426375E+00
       924 -1.181885E-02 -3.380350E-01 -4.069937E-01
       925 -2.344659E-02 -3.242940E-01 -3.614189E-01
       926 -3.529348E-02 -3.371435E-01 -4.071828E-01
       927 -4.658487E-02 -3.230168E-01 -3.606703E-01
       928 -5.921647E-02 -3.348674E-01 -4.079052E-01
       929 -7.210450E-02 -3.201839E-01 -3.587717E-01
       930 -8.195827E-02 -3.305242E-01 -4.101136E-01
       931 -9.151419E-02 -3.172800E-01 -3.621976E-01
       932 -1.042998E-01 -3.285683E-01 -4.204163E-01
       933 -1.140528E-01 -3.165827E-01 -3.772566E-01
       934 -1.263169E-01 -3.292436E-01 -4.387224E-01
       935 -1.351214E-01 -3.164900E-01 -4.038907E-01
       936 -1.477021E-01 -3.292079E-01 -4.711223E-01
       937 -1.572176E-01 -3.164487E-01 -4.435783E-01
       938 -1.702997E-01 -3.293598E-01 -5.166353E-01
       939 -1.798538E-01 -3.172543E-01 -4.960852E-01
       940 -1.934708E-01 -3.304884E-01 -5.745432E-01
       941 -2.032589E-01 -3.188665E-01 -5.611477E-01
       942 -2.174254E-01 -3.324660E-01 -6.445419E-01
       943 -2.275054E-01 -3.214288E-01 -6.386434E-01
       944 -2.422633E-01 -3.354230E-01 -7.263448E-01
       945 -2.528383E-01 -3.249649E-01 -7.284763E-01
       946 -2.681950E-01 -3.393559E-01 -8.194926E-01
       947 -2.789735E-01 -3.301147E-01 -8.299957E-01
       948 -2.954532E-01 -3.439342E-01 -9.224756E-01
       949 -3.077789E-01 -3.358692E-01 -9.401470E-01
       950 -3.225457E-01 -3.492165E-01 -1.034214E+00
       951 -3.346822E-01 -3.404950E-01 -1.058554E+00
       952 -3.526792E-01 -3.548905E-01 -1.153813E+00
       953 -3.678224E-01 -3.450057E-01 -1.177247E+00
       954 -3.839251E-01 -3.600533E-01 -1.268879E+00
       955 -3.971255E-01 -3.498801E-01 -1.291427E+00
       956 -4.143095E-01 -3.649503E-01 -1.380888E+00
       957 -4.287544E-01 -3.545996E-01 -1.402765E+00
       958 -4.397012E-01 -3.697966E-01 -1.491397E+00
       959 -1.194964E-02 -3.646225E-01 -4.996021E-01
       960 -2.373997E-02 -3.509768E-01 -4.534030E-01
       961 -3.583052E-02 -3.638480E-01 -5.014397E-01
       962 -4.734202E-02 -3.497406E-01 -4.550777E-01
       963 -5.954020E-02 -3.623249E-01 -5.055746E-01
       964 -7.119069E-02 -3.471989E-01 -4.588027E-01
       965 -8.290374E-02 -3.606532E-01 -5.135526E-01
       966 -9.343281E-02 -3.444723E-01 -4.673948E-01
       967 -1.066975E-01 -3.580596E-01 -5.270414E-01
       968 -1.180558E-01 -3.424636E-01 -4.813949E-01
       969 -1.294478E-01 -3.540504E-01 -5.471354E-01
       970 -1.381888E-01 -3.410487E-01 -5.058130E-01
       971 -1.515141E-01 -3.525907E-01 -5.798096E-01
       972 -1.609462E-01 -3.407638E-01 -5.447164E-01
       973 -1.746564E-01 -3.527566E-01 -6.245672E-01
       974 -1.839530E-01 -3.413388E-01 -5.958148E-01
       975 -1.982776E-01 -3.536489E-01 -6.809143E-01
       976 -2.077066E-01 -3.427826E-01 -6.587694E-01
       977 -2.225739E-01 -3.554231E-01 -7.484268E-01
       978 -2.322223E-01 -3.451100E-01 -7.331823E-01
       979 -2.476455E-01 -3.580422E-01 -8.266629E-01
       980 -2.576301E-01 -3.483872E-01 -8.185786E-01
       981 -2.735507E-01 -3.615995E-01 -9.149635E-01
       982 -2.840827E-01 -3.525378E-01 -9.141620E-01
       983 -3.004738E-01 -3.659271E-01 -1.012388E+00
       984 -3.117501E-01 -3.573584E-01 -1.018562E+00
       985 -3.278253E-01 -3.716260E-01 -1.117971E+00
       986 -3.380932E-01 -3.636674E-01 -1.132519E+00
       987 -3.570562E-01 -3.791798E-01 -1.230085E+00
       988 -3.708056E-01 -3.699269E-01 -1.248155E+00
       989 -3.870459E-01 -3.850804E-01 -1.341356E+00
       990 -3.998539E-01 -3.750043E-01 -1.360335E+00
       991 -4.172168E-01 -3.900547E-01 -1.451179E+00
       992 -4.313405E-01 -3.799384E-01 -1.470363E+00
       993 -4.422520E-01 -3.950217E-01 -1.560422E+00
       994 -1.221927E-02 -3.937755E-01 -5.933599E-01
       995 -2.412353E-02 -3.789978E-01 -5.473262E-01
       996 -3.660049E-02 -3.931505E-01 -5.964961E-01
       997 -4.819449E-02 -3.779539E-01 -5.512726E-01
       998 -6.086477E-02 -3.919470E-01 -6.032539E-01
       999 -7.197493E-02 -3.763866E-01 -5.587486E-01
      1000 -8.492180E-02 -3.902871E-01 -6.145902E-01
      1001 -9.564423E-02 -3.746105E-01 -5.711192E-01
      1002 -1.086294E-01 -3.885702E-01 -6.318034E-01
      1003 -1.194911E-01 -3.721054E-01 -5.900685E-01
      1004 -1.321814E-01 -3.873326E-01 -6.567509E-01
      1005 -1.420479E-01 -3.701295E-01 -6.180954E-01
      1006 -1.557115E-01 -3.865109E-01 -6.910372E-01
      1007 -1.652807E-01 -3.697266E-01 -6.571283E-01
      1008 -1.793755E-01 -3.864688E-01 -7.357630E-01
      1009 -1.888825E-01 -3.701305E-01 -7.073661E-01
      1010 -2.034646E-01 -3.872574E-01 -7.908917E-01
      1011 -2.130460E-01 -3.713835E-01 -7.684484E-01
      1012 -2.280740E-01 -3.888054E-01 -8.561821E-01
      1013 -2.378507E-01 -3.734440E-01 -8.399968E-01
      1014 -2.533087E-01 -3.911255E-01 -9.312025E-01
      1015 -2.634096E-01 -3.763256E-01 -9.214637E-01
      1016 -2.792608E-01 -3.942248E-01 -1.015304E+00
      1017 -2.897555E-01 -3.800763E-01 -1.012054E+00
      1018 -3.059655E-01 -3.981351E-01 -1.107573E+00
      1019 -3.170262E-01 -3.845919E-01 -1.110778E+00
      1020 -3.335344E-01 -4.027843E-01 -1.206828E+00
      1021 -3.448032E-01 -3.903938E-01 -1.216113E+00
      1022 -3.619097E-01 -4.077247E-01 -1.310853E+00
      1023 -3.743426E-01 -3.963578E-01 -1.324569E+00
      1024 -3.905835E-01 -4.128561E-01 -1.417312E+00
      1025 -4.031595E-01 -4.014887E-01 -1.433386E+00
      1026 -4.204243E-01 -4.178645E-01 -1.524333E+00
      1027 -4.343113E-01 -4.064492E-01 -1.541465E+00
      1028 -4.457423E-01 -4.226088E-01 -1.632004E+00
      1029 -2.477501E-02 -4.021572E-01 -6.422061E-01
      1030 -4.945249E-02 -4.013400E-01 -6.478748E-01
      1031 -7.395438E-02 -4.000947E-01 -6.580291E-01
      1032 -9.820976E-02 -3.985872E-01 -6.736662E-01
      1033 -1.220999E-01 -3.971518E-01 -6.960336E-01
      1034 -1.459931E-01 -3.961192E-01 -7.265923E-01
      1035 -1.697975E-01 -3.957381E-01 -7.665135E-01
      1036 -1.938804E-01 -3.961255E-01 -8.162156E-01
      1037 -2.183572E-01 -3.972256E-01 -8.756766E-01
      1038 -2.433432E-01 -3.990361E-01 -9.446135E-01
      1039 -2.689133E-01 -4.015759E-01 -1.022521E+00
      1040 -2.951542E-01 -4.048592E-01 -1.108648E+00
      1041 -3.220861E-01 -4.089160E-01 -1.201969E+00
      1042 -3.498667E-01 -4.135489E-01 -1.301048E+00
      1043 -3.782353E-01 -4.185268E-01 -1.403971E+00
      1044 -4.066138E-01 -4.232706E-01 -1.509068E+00
      1045 -4.373358E-01 -4.285811E-01 -1.615004E+00
