
 displacements (vx,vy,vz) for set NSET_ALL and time  0.1000000E+01

         1  0.000000E+00  0.000000E+00  0.000000E+00
         2  0.000000E+00 -4.053449E-01 -3.021027E-01
         3 -4.263794E-01 -4.223763E-01 -9.076018E-01
         4 -4.237758E-01  0.000000E+00 -5.986009E-01
         5  0.000000E+00 -2.312494E-02  2.097746E-03
         6  0.000000E+00 -4.619406E-02  8.121595E-03
         7  0.000000E+00 -6.914303E-02  1.745729E-02
         8  0.000000E+00 -9.197570E-02  2.922415E-02
         9  0.000000E+00 -1.152321E-01  4.375482E-02
        10  0.000000E+00 -1.389454E-01  6.365828E-02
        11  0.000000E+00 -1.605253E-01  8.439995E-02
        12  0.000000E+00 -1.820106E-01  1.000313E-01
        13  0.000000E+00 -2.027229E-01  1.084859E-01
        14  0.000000E+00 -2.231888E-01  1.063269E-01
        15  0.000000E+00 -2.435461E-01  9.235730E-02
        16  0.000000E+00 -2.641383E-01  6.595109E-02
        17  0.000000E+00 -2.851843E-01  2.710629E-02
        18  0.000000E+00 -3.069236E-01 -2.361056E-02
        19  0.000000E+00 -3.293349E-01 -8.530201E-02
        20  0.000000E+00 -3.526775E-01 -1.580050E-01
        21  0.000000E+00 -3.787947E-01 -2.327427E-01
        22  0.000000E+00 -1.156617E-02  5.003000E-04
        23  0.000000E+00 -3.465754E-02  4.582944E-03
        24  0.000000E+00 -5.769227E-02  1.235468E-02
        25  0.000000E+00 -8.061713E-02  2.302767E-02
        26  0.000000E+00 -1.033166E-01  3.597626E-02
        27  0.000000E+00 -1.276611E-01  5.249583E-02
        28  0.000000E+00 -1.504808E-01  7.544007E-02
        29  0.000000E+00 -1.710345E-01  9.350705E-02
        30  0.000000E+00 -1.923790E-01  1.055964E-01
        31  0.000000E+00 -2.130120E-01  1.091085E-01
        32  0.000000E+00 -2.333440E-01  1.011678E-01
        33  0.000000E+00 -2.537904E-01  8.099858E-02
        34  0.000000E+00 -2.746017E-01  4.834473E-02
        35  0.000000E+00 -2.958974E-01  3.459964E-03
        36  0.000000E+00 -3.181716E-01 -5.287304E-02
        37  0.000000E+00 -3.401442E-01 -1.200605E-01
        38  0.000000E+00 -3.660271E-01 -1.963581E-01
        39  0.000000E+00 -3.889016E-01 -2.683129E-01
        40 -2.188017E-02 -4.057340E-01 -3.059471E-01
        41 -4.408959E-02 -4.067645E-01 -3.171089E-01
        42 -6.683556E-02 -4.081400E-01 -3.347094E-01
        43 -9.001634E-02 -4.095827E-01 -3.576846E-01
        44 -1.134877E-01 -4.109628E-01 -3.850819E-01
        45 -1.371606E-01 -4.122859E-01 -4.161257E-01
        46 -1.610274E-01 -4.135540E-01 -4.500973E-01
        47 -1.850520E-01 -4.147352E-01 -4.863665E-01
        48 -2.091881E-01 -4.158063E-01 -5.244092E-01
        49 -2.333841E-01 -4.167649E-01 -5.638329E-01
        50 -2.576017E-01 -4.176270E-01 -6.043621E-01
        51 -2.818165E-01 -4.184172E-01 -6.458092E-01
        52 -3.060175E-01 -4.191637E-01 -6.880434E-01
        53 -3.302003E-01 -4.198804E-01 -7.309645E-01
        54 -3.543548E-01 -4.206359E-01 -7.744806E-01
        55 -3.785401E-01 -4.212549E-01 -8.185003E-01
        56 -4.022503E-01 -4.226059E-01 -8.629098E-01
        57 -1.093856E-02 -3.947605E-01 -3.040263E-01
        58 -3.292259E-02 -3.955550E-01 -3.115511E-01
        59 -5.539626E-02 -3.969566E-01 -3.260243E-01
        60 -7.840407E-02 -3.984445E-01 -3.463525E-01
        61 -1.017285E-01 -3.998270E-01 -3.715737E-01
        62 -1.253067E-01 -4.011736E-01 -4.008280E-01
        63 -1.490795E-01 -4.024763E-01 -4.333623E-01
        64 -1.730323E-01 -4.037047E-01 -4.685019E-01
        65 -1.971174E-01 -4.048293E-01 -5.056688E-01
        66 -2.212884E-01 -4.058402E-01 -5.444071E-01
        67 -2.454987E-01 -4.067454E-01 -5.843836E-01
        68 -2.697172E-01 -4.075655E-01 -6.253688E-01
        69 -2.939260E-01 -4.083320E-01 -6.672058E-01
        70 -3.181155E-01 -4.090475E-01 -7.097813E-01
        71 -3.423100E-01 -4.098138E-01 -7.529970E-01
        72 -3.663343E-01 -4.103949E-01 -7.967774E-01
        73 -3.911367E-01 -4.113036E-01 -8.409617E-01
        74 -4.116258E-01 -4.130759E-01 -8.856483E-01
        75 -4.268306E-01 -3.988195E-01 -8.779517E-01
        76 -4.257079E-01 -3.756797E-01 -8.486687E-01
        77 -4.253289E-01 -3.520653E-01 -8.199623E-01
        78 -4.248315E-01 -3.284911E-01 -7.921340E-01
        79 -4.244002E-01 -3.049115E-01 -7.654404E-01
        80 -4.239830E-01 -2.813514E-01 -7.401353E-01
        81 -4.235937E-01 -2.578287E-01 -7.164555E-01
        82 -4.232375E-01 -2.343571E-01 -6.946314E-01
        83 -4.229233E-01 -2.109590E-01 -6.748872E-01
        84 -4.226899E-01 -1.876541E-01 -6.574268E-01
        85 -4.226160E-01 -1.644270E-01 -6.424341E-01
        86 -4.227388E-01 -1.411861E-01 -6.299772E-01
        87 -4.229881E-01 -1.178398E-01 -6.199123E-01
        88 -4.232550E-01 -9.437800E-02 -6.120033E-01
        89 -4.234790E-01 -7.083379E-02 -6.060456E-01
        90 -4.236434E-01 -4.724297E-02 -6.018824E-01
        91 -4.237429E-01 -2.362651E-02 -5.994172E-01
        92 -4.171946E-01 -4.079097E-01 -8.932766E-01
        93 -4.156480E-01 -3.879941E-01 -8.637311E-01
        94 -4.149730E-01 -3.637610E-01 -8.347352E-01
        95 -4.146402E-01 -3.403110E-01 -8.064366E-01
        96 -4.141439E-01 -3.167063E-01 -7.791577E-01
        97 -4.137327E-01 -2.931371E-01 -7.531386E-01
        98 -4.133269E-01 -2.695942E-01 -7.286290E-01
        99 -4.129549E-01 -2.460947E-01 -7.058617E-01
       100 -4.126112E-01 -2.226510E-01 -6.850580E-01
       101 -4.123418E-01 -1.993103E-01 -6.664400E-01
       102 -4.122260E-01 -1.760561E-01 -6.502185E-01
       103 -4.122528E-01 -1.528097E-01 -6.364940E-01
       104 -4.124052E-01 -1.295260E-01 -6.252265E-01
       105 -4.126612E-01 -1.061308E-01 -6.162504E-01
       106 -4.129173E-01 -8.261811E-02 -6.093297E-01
       107 -4.131142E-01 -5.904607E-02 -6.042746E-01
       108 -4.132467E-01 -3.543875E-02 -6.009634E-01
       109 -4.133126E-01 -1.181458E-02 -5.993240E-01
       110 -3.993263E-01  0.000000E+00 -5.539241E-01
       111 -3.756563E-01  0.000000E+00 -5.088689E-01
       112 -3.515625E-01  0.000000E+00 -4.637633E-01
       113 -3.275279E-01  0.000000E+00 -4.188414E-01
       114 -3.035121E-01  0.000000E+00 -3.743681E-01
       115 -2.795533E-01  0.000000E+00 -3.306302E-01
       116 -2.556606E-01  0.000000E+00 -2.879435E-01
       117 -2.318363E-01  0.000000E+00 -2.466189E-01
       118 -2.080756E-01  0.000000E+00 -2.069242E-01
       119 -1.843823E-01  0.000000E+00 -1.691095E-01
       120 -1.607812E-01  0.000000E+00 -1.334960E-01
       121 -1.373154E-01  0.000000E+00 -1.005655E-01
       122 -1.140374E-01  0.000000E+00 -7.101060E-02
       123 -9.098576E-02  0.000000E+00 -4.570112E-02
       124 -6.815283E-02  0.000000E+00 -2.555887E-02
       125 -4.543723E-02  0.000000E+00 -1.121766E-02
       126 -2.272921E-02  0.000000E+00 -2.756057E-03
       127 -4.082497E-01  0.000000E+00 -5.765149E-01
       128 -3.883047E-01  0.000000E+00 -5.314308E-01
       129 -3.634703E-01  0.000000E+00 -4.863647E-01
       130 -3.395805E-01  0.000000E+00 -4.413123E-01
       131 -3.155137E-01  0.000000E+00 -3.965840E-01
       132 -2.915322E-01  0.000000E+00 -3.524421E-01
       133 -2.676006E-01  0.000000E+00 -3.091900E-01
       134 -2.437447E-01  0.000000E+00 -2.671465E-01
       135 -2.199544E-01  0.000000E+00 -2.266078E-01
       136 -1.962223E-01  0.000000E+00 -1.878202E-01
       137 -1.725709E-01  0.000000E+00 -1.510560E-01
       138 -1.490317E-01  0.000000E+00 -1.167118E-01
       139 -1.256488E-01  0.000000E+00 -8.536748E-02
       140 -1.024897E-01  0.000000E+00 -5.782044E-02
       141 -7.955903E-02  0.000000E+00 -3.500752E-02
       142 -5.678014E-02  0.000000E+00 -1.772081E-02
       143 -3.408043E-02  0.000000E+00 -6.320005E-03
       144 -1.137032E-02  0.000000E+00 -7.133575E-04
       145 -2.274862E-02 -2.317023E-02 -6.096752E-04
       146 -4.543545E-02 -2.325324E-02 -8.940934E-03
       147 -6.809413E-02 -2.328904E-02 -2.331917E-02
       148 -9.087483E-02 -2.324346E-02 -4.377600E-02
       149 -1.139173E-01 -2.314081E-02 -6.957684E-02
       150 -1.372190E-01 -2.304949E-02 -9.959652E-02
       151 -1.607117E-01 -2.301267E-02 -1.328701E-01
       152 -1.843283E-01 -2.302226E-02 -1.687185E-01
       153 -2.080307E-01 -2.306493E-02 -2.066838E-01
       154 -2.317910E-01 -2.312219E-02 -2.464823E-01
       155 -2.556038E-01 -2.316778E-02 -2.879315E-01
       156 -2.794954E-01 -2.319736E-02 -3.307748E-01
       157 -3.034574E-01 -2.322835E-02 -3.746610E-01
       158 -3.274777E-01 -2.327231E-02 -4.192619E-01
       159 -3.515150E-01 -2.332979E-02 -4.642940E-01
       160 -3.756124E-01 -2.340385E-02 -5.094999E-01
       161 -3.992873E-01 -2.350094E-02 -5.546501E-01
       162 -2.278454E-02 -4.626177E-02  5.646284E-03
       163 -4.550483E-02 -4.661591E-02 -1.964124E-03
       164 -6.790483E-02 -4.689748E-02 -1.611070E-02
       165 -9.045751E-02 -4.659844E-02 -3.784371E-02
       166 -1.135833E-01 -4.621492E-02 -6.541428E-02
       167 -1.369339E-01 -4.606664E-02 -9.680888E-02
       168 -1.605040E-01 -4.599697E-02 -1.311139E-01
       169 -1.841806E-01 -4.602660E-02 -1.676401E-01
       170 -2.079081E-01 -4.613054E-02 -2.059952E-01
       171 -2.316591E-01 -4.625102E-02 -2.460646E-01
       172 -2.554304E-01 -4.634586E-02 -2.878750E-01
       173 -2.793141E-01 -4.640720E-02 -3.312037E-01
       174 -3.032878E-01 -4.645951E-02 -3.755675E-01
       175 -3.273303E-01 -4.654147E-02 -4.205493E-01
       176 -3.513750E-01 -4.665735E-02 -4.659020E-01
       177 -3.754811E-01 -4.680276E-02 -5.114057E-01
       178 -3.991693E-01 -4.699262E-02 -5.568422E-01
       179 -2.298905E-02 -6.928370E-02  1.552766E-02
       180 -4.601472E-02 -7.003112E-02  1.023095E-02
       181 -6.755627E-02 -7.063770E-02 -2.575861E-03
       182 -8.933523E-02 -7.000956E-02 -2.735973E-02
       183 -1.128969E-01 -6.921468E-02 -5.892028E-02
       184 -1.365076E-01 -6.899186E-02 -9.263522E-02
       185 -1.601672E-01 -6.893219E-02 -1.285623E-01
       186 -1.839466E-01 -6.897683E-02 -1.661828E-01
       187 -2.077178E-01 -6.912322E-02 -2.050939E-01
       188 -2.315357E-01 -6.953090E-02 -2.451710E-01
       189 -2.550330E-01 -6.968126E-02 -2.875515E-01
       190 -2.790225E-01 -6.956429E-02 -3.320378E-01
       191 -3.030160E-01 -6.966962E-02 -3.772020E-01
       192 -3.270985E-01 -6.981135E-02 -4.227747E-01
       193 -3.511468E-01 -6.998956E-02 -4.686213E-01
       194 -3.752623E-01 -7.019415E-02 -5.146245E-01
       195 -3.989719E-01 -7.046252E-02 -5.605464E-01
       196 -2.305882E-02 -9.193553E-02  2.741821E-02
       197 -4.627488E-02 -9.186478E-02  2.318351E-02
       198 -6.715013E-02 -9.181141E-02  1.071882E-02
       199 -8.832295E-02 -9.176116E-02 -1.685746E-02
       200 -1.122979E-01 -9.196628E-02 -5.151243E-02
       201 -1.359026E-01 -9.196514E-02 -8.756629E-02
       202 -1.597346E-01 -9.174312E-02 -1.258192E-01
       203 -1.836085E-01 -9.180565E-02 -1.649931E-01
       204 -2.076683E-01 -9.206059E-02 -2.044099E-01
       205 -2.316032E-01 -9.282558E-02 -2.433144E-01
       206 -2.541931E-01 -9.304037E-02 -2.864375E-01
       207 -2.784605E-01 -9.270208E-02 -3.335390E-01
       208 -3.027215E-01 -9.283109E-02 -3.798677E-01
       209 -3.268155E-01 -9.307503E-02 -4.260354E-01
       210 -3.508383E-01 -9.332501E-02 -4.724780E-01
       211 -3.749516E-01 -9.358376E-02 -5.191975E-01
       212 -3.986904E-01 -9.390454E-02 -5.658503E-01
       213 -2.242115E-02 -1.147671E-01  4.034383E-02
       214 -4.529444E-02 -1.136065E-01  3.192222E-02
       215 -6.678300E-02 -1.128399E-01  1.592616E-02
       216 -8.875293E-02 -1.134436E-01 -1.145189E-02
       217 -1.124612E-01 -1.147399E-01 -4.402563E-02
       218 -1.349036E-01 -1.149617E-01 -8.148984E-02
       219 -1.590105E-01 -1.144915E-01 -1.235646E-01
       220 -1.831923E-01 -1.144793E-01 -1.650846E-01
       221 -2.075533E-01 -1.146214E-01 -2.055747E-01
       222 -2.315732E-01 -1.148260E-01 -2.440928E-01
       223 -2.535257E-01 -1.151120E-01 -2.880309E-01
       224 -2.779875E-01 -1.154829E-01 -3.371094E-01
       225 -3.024899E-01 -1.158810E-01 -3.841363E-01
       226 -3.266197E-01 -1.164834E-01 -4.302320E-01
       227 -3.503578E-01 -1.168189E-01 -4.772720E-01
       228 -3.745723E-01 -1.169110E-01 -5.252719E-01
       229 -3.983429E-01 -1.172864E-01 -5.729220E-01
       230 -2.110629E-02 -1.381946E-01  5.687072E-02
       231 -4.382551E-02 -1.369283E-01  4.126697E-02
       232 -6.627272E-02 -1.362901E-01  2.001554E-02
       233 -8.918261E-02 -1.363784E-01 -7.611352E-03
       234 -1.124842E-01 -1.366447E-01 -3.855079E-02
       235 -1.340138E-01 -1.367751E-01 -7.759231E-02
       236 -1.582697E-01 -1.369249E-01 -1.232581E-01
       237 -1.827478E-01 -1.370800E-01 -1.674040E-01
       238 -2.069790E-01 -1.371508E-01 -2.102711E-01
       239 -2.310704E-01 -1.368249E-01 -2.516702E-01
       240 -2.537780E-01 -1.371856E-01 -2.964095E-01
       241 -2.781280E-01 -1.382283E-01 -3.442983E-01
       242 -3.025529E-01 -1.389392E-01 -3.904337E-01
       243 -3.267129E-01 -1.399371E-01 -4.348045E-01
       244 -3.494938E-01 -1.403464E-01 -4.824051E-01
       245 -3.739711E-01 -1.402121E-01 -5.330885E-01
       246 -3.980271E-01 -1.405741E-01 -5.821339E-01
       247 -2.010443E-02 -1.603821E-01  7.514270E-02
       248 -4.278354E-02 -1.601105E-01  5.470339E-02
       249 -6.549576E-02 -1.598741E-01  2.927300E-02
       250 -8.822883E-02 -1.593770E-01 -2.178639E-03
       251 -1.115795E-01 -1.585502E-01 -3.759204E-02
       252 -1.338401E-01 -1.586529E-01 -7.932342E-02
       253 -1.579953E-01 -1.594182E-01 -1.260806E-01
       254 -1.822739E-01 -1.597645E-01 -1.722619E-01
       255 -2.063929E-01 -1.600098E-01 -2.178165E-01
       256 -2.305127E-01 -1.600922E-01 -2.627367E-01
       257 -2.542305E-01 -1.605284E-01 -3.082893E-01
       258 -2.783415E-01 -1.612720E-01 -3.545158E-01
       259 -3.026667E-01 -1.617749E-01 -3.997863E-01
       260 -3.267798E-01 -1.621944E-01 -4.429802E-01
       261 -3.488618E-01 -1.626400E-01 -4.911724E-01
       262 -3.735237E-01 -1.631864E-01 -5.439376E-01
       263 -3.978655E-01 -1.637737E-01 -5.940233E-01
       264 -2.029354E-02 -1.825670E-01  9.167878E-02
       265 -4.227785E-02 -1.832447E-01  7.141248E-02
       266 -6.428467E-02 -1.832626E-01  4.320358E-02
       267 -8.636277E-02 -1.825871E-01  5.532539E-03
       268 -1.101554E-01 -1.817341E-01 -3.760367E-02
       269 -1.336501E-01 -1.817814E-01 -8.311243E-02
       270 -1.576408E-01 -1.822660E-01 -1.309975E-01
       271 -1.817434E-01 -1.825827E-01 -1.793985E-01
       272 -2.059889E-01 -1.829047E-01 -2.274184E-01
       273 -2.302104E-01 -1.832880E-01 -2.745462E-01
       274 -2.542909E-01 -1.837750E-01 -3.209286E-01
       275 -2.783926E-01 -1.845104E-01 -3.666837E-01
       276 -3.022359E-01 -1.848779E-01 -4.127423E-01
       277 -3.264200E-01 -1.845108E-01 -4.584624E-01
       278 -3.492140E-01 -1.849979E-01 -5.073456E-01
       279 -3.737907E-01 -1.861837E-01 -5.590678E-01
       280 -3.979152E-01 -1.869746E-01 -6.089089E-01
       281 -2.074200E-02 -2.030579E-01  1.019064E-01
       282 -4.198760E-02 -2.035766E-01  8.340763E-02
       283 -6.322426E-02 -2.039382E-01  5.379073E-02
       284 -8.483802E-02 -2.042689E-01  1.169469E-02
       285 -1.088892E-01 -2.045944E-01 -3.689652E-02
       286 -1.329065E-01 -2.049536E-01 -8.618405E-02
       287 -1.568861E-01 -2.053397E-01 -1.369105E-01
       288 -1.810345E-01 -2.055279E-01 -1.886207E-01
       289 -2.055749E-01 -2.057384E-01 -2.395875E-01
       290 -2.299954E-01 -2.062215E-01 -2.885409E-01
       291 -2.544308E-01 -2.068540E-01 -3.354188E-01
       292 -2.786587E-01 -2.078991E-01 -3.799436E-01
       293 -3.014091E-01 -2.083886E-01 -4.272751E-01
       294 -3.258190E-01 -2.081348E-01 -4.775548E-01
       295 -3.498577E-01 -2.086124E-01 -5.274600E-01
       296 -3.742492E-01 -2.095239E-01 -5.774770E-01
       297 -3.981595E-01 -2.102634E-01 -6.266348E-01
       298 -2.079556E-02 -2.233399E-01  1.002969E-01
       299 -4.180195E-02 -2.237755E-01  8.244561E-02
       300 -6.303401E-02 -2.245175E-01  5.306050E-02
       301 -8.465722E-02 -2.259013E-01  1.173415E-02
       302 -1.081275E-01 -2.272718E-01 -3.712920E-02
       303 -1.317708E-01 -2.278113E-01 -8.922592E-02
       304 -1.557485E-01 -2.280982E-01 -1.438124E-01
       305 -1.798377E-01 -2.283052E-01 -2.001876E-01
       306 -2.050097E-01 -2.285329E-01 -2.551837E-01
       307 -2.298513E-01 -2.290515E-01 -3.060805E-01
       308 -2.546137E-01 -2.296256E-01 -3.535093E-01
       309 -2.789021E-01 -2.301190E-01 -3.973233E-01
       310 -3.010359E-01 -2.306972E-01 -4.454619E-01
       311 -3.256134E-01 -2.314044E-01 -4.982023E-01
       312 -3.502444E-01 -2.321230E-01 -5.487390E-01
       313 -3.745825E-01 -2.328782E-01 -5.981368E-01
       314 -3.985123E-01 -2.336438E-01 -6.467936E-01
       315 -2.081133E-02 -2.437012E-01  8.644642E-02
       316 -4.180001E-02 -2.441708E-01  6.890304E-02
       317 -6.317031E-02 -2.449322E-01  4.028760E-02
       318 -8.496759E-02 -2.461215E-01  1.234340E-03
       319 -1.075044E-01 -2.472946E-01 -4.665947E-02
       320 -1.304986E-01 -2.477295E-01 -1.023444E-01
       321 -1.551082E-01 -2.482300E-01 -1.612726E-01
       322 -1.796089E-01 -2.495581E-01 -2.199169E-01
       323 -2.049285E-01 -2.509489E-01 -2.762280E-01
       324 -2.298685E-01 -2.518825E-01 -3.280704E-01
       325 -2.544891E-01 -2.524696E-01 -3.766670E-01
       326 -2.788155E-01 -2.525118E-01 -4.224908E-01
       327 -3.016895E-01 -2.531995E-01 -4.709382E-01
       328 -3.261790E-01 -2.545679E-01 -5.222768E-01
       329 -3.506304E-01 -2.554953E-01 -5.720971E-01
       330 -3.749877E-01 -2.563113E-01 -6.209508E-01
       331 -3.989001E-01 -2.570895E-01 -6.690637E-01
       332 -2.082595E-02 -2.642804E-01  5.996630E-02
       333 -4.187709E-02 -2.647405E-01  4.235200E-02
       334 -6.332025E-02 -2.655496E-01  1.395682E-02
       335 -8.521161E-02 -2.666722E-01 -2.427339E-02
       336 -1.073552E-01 -2.680526E-01 -7.199119E-02
       337 -1.300036E-01 -2.694481E-01 -1.301347E-01
       338 -1.554302E-01 -2.708304E-01 -1.912316E-01
       339 -1.804942E-01 -2.724617E-01 -2.486083E-01
       340 -2.054101E-01 -2.739227E-01 -3.030355E-01
       341 -2.300800E-01 -2.749397E-01 -3.544956E-01
       342 -2.545023E-01 -2.757643E-01 -4.037827E-01
       343 -2.787869E-01 -2.762679E-01 -4.516564E-01
       344 -3.026311E-01 -2.770344E-01 -4.999514E-01
       345 -3.268958E-01 -2.781003E-01 -5.489620E-01
       346 -3.511085E-01 -2.789593E-01 -5.975856E-01
       347 -3.754343E-01 -2.797903E-01 -6.456899E-01
       348 -3.993122E-01 -2.805796E-01 -6.932185E-01
       349 -2.083945E-02 -2.853514E-01  2.082583E-02
       350 -4.191229E-02 -2.856669E-01  2.258940E-03
       351 -6.368021E-02 -2.863636E-01 -2.672387E-02
       352 -8.578004E-02 -2.876604E-01 -6.438407E-02
       353 -1.080431E-01 -2.893450E-01 -1.108273E-01
       354 -1.307243E-01 -2.916326E-01 -1.673078E-01
       355 -1.561315E-01 -2.939191E-01 -2.265511E-01
       356 -1.812272E-01 -2.956406E-01 -2.816902E-01
       357 -2.059169E-01 -2.970740E-01 -3.341536E-01
       358 -2.304692E-01 -2.982397E-01 -3.845892E-01
       359 -2.548500E-01 -2.991835E-01 -4.334833E-01
       360 -2.790905E-01 -3.000144E-01 -4.815071E-01
       361 -3.032378E-01 -3.008281E-01 -5.293007E-01
       362 -3.274203E-01 -3.016619E-01 -5.771040E-01
       363 -3.516233E-01 -3.025039E-01 -6.247649E-01
       364 -3.759004E-01 -3.033198E-01 -6.720862E-01
       365 -3.997493E-01 -3.041138E-01 -7.190128E-01
       366 -2.070105E-02 -3.070974E-01 -3.057135E-02
       367 -4.158029E-02 -3.073252E-01 -5.185945E-02
       368 -6.415974E-02 -3.079731E-01 -8.303103E-02
       369 -8.685096E-02 -3.094241E-01 -1.199163E-01
       370 -1.095746E-01 -3.114153E-01 -1.634037E-01
       371 -1.326414E-01 -3.142618E-01 -2.141419E-01
       372 -1.573956E-01 -3.170800E-01 -2.674617E-01
       373 -1.820694E-01 -3.190254E-01 -3.188800E-01
       374 -2.065749E-01 -3.205318E-01 -3.688021E-01
       375 -2.309826E-01 -3.217483E-01 -4.175145E-01
       376 -2.552989E-01 -3.227592E-01 -4.653234E-01
       377 -2.795433E-01 -3.236448E-01 -5.125643E-01
       378 -3.037396E-01 -3.244775E-01 -5.595598E-01
       379 -3.279383E-01 -3.252946E-01 -6.064632E-01
       380 -3.521301E-01 -3.260977E-01 -6.532500E-01
       381 -3.763762E-01 -3.268877E-01 -6.998419E-01
       382 -4.001997E-01 -3.276805E-01 -7.461808E-01
       383 -2.070019E-02 -3.297556E-01 -9.255504E-02
       384 -4.155256E-02 -3.310605E-01 -1.151707E-01
       385 -6.482000E-02 -3.328014E-01 -1.469311E-01
       386 -8.807975E-02 -3.345822E-01 -1.819399E-01
       387 -1.112493E-01 -3.365025E-01 -2.214545E-01
       388 -1.346903E-01 -3.387662E-01 -2.654891E-01
       389 -1.587606E-01 -3.409731E-01 -3.120487E-01
       390 -1.829699E-01 -3.427153E-01 -3.591008E-01
       391 -2.072783E-01 -3.441677E-01 -4.060189E-01
       392 -2.315626E-01 -3.453687E-01 -4.525779E-01
       393 -2.558198E-01 -3.463906E-01 -4.988192E-01
       394 -2.800462E-01 -3.472910E-01 -5.448600E-01
       395 -3.042518E-01 -3.481195E-01 -5.908286E-01
       396 -3.284524E-01 -3.489115E-01 -6.367965E-01
       397 -3.526362E-01 -3.496872E-01 -6.827613E-01
       398 -3.768701E-01 -3.504656E-01 -7.286644E-01
       399 -4.006864E-01 -3.512517E-01 -7.744488E-01
       400 -2.129290E-02 -3.532562E-01 -1.642491E-01
       401 -4.273660E-02 -3.552990E-01 -1.832811E-01
       402 -6.584991E-02 -3.577764E-01 -2.106159E-01
       403 -8.905683E-02 -3.597135E-01 -2.418872E-01
       404 -1.123565E-01 -3.615511E-01 -2.772968E-01
       405 -1.359110E-01 -3.633678E-01 -3.163384E-01
       406 -1.597550E-01 -3.651010E-01 -3.579645E-01
       407 -1.838050E-01 -3.666613E-01 -4.010663E-01
       408 -2.079679E-01 -3.679997E-01 -4.448977E-01
       409 -2.321675E-01 -3.691387E-01 -4.890943E-01
       410 -2.563801E-01 -3.701245E-01 -5.335078E-01
       411 -2.805885E-01 -3.710005E-01 -5.781039E-01
       412 -3.047903E-01 -3.718077E-01 -6.228912E-01
       413 -3.289876E-01 -3.725775E-01 -6.678710E-01
       414 -3.531695E-01 -3.733353E-01 -7.130146E-01
       415 -3.773995E-01 -3.741059E-01 -7.582574E-01
       416 -4.011223E-01 -3.748721E-01 -8.035366E-01
       417 -2.186103E-02 -3.792463E-01 -2.376239E-01
       418 -4.393414E-02 -3.807091E-01 -2.519081E-01
       419 -6.668923E-02 -3.825754E-01 -2.735734E-01
       420 -8.973561E-02 -3.842666E-01 -3.005097E-01
       421 -1.131003E-01 -3.858968E-01 -3.318007E-01
       422 -1.366918E-01 -3.874590E-01 -3.666447E-01
       423 -1.605102E-01 -3.889420E-01 -4.042317E-01
       424 -1.845004E-01 -3.902955E-01 -4.437625E-01
       425 -2.086057E-01 -3.914942E-01 -4.846251E-01
       426 -2.327736E-01 -3.925445E-01 -5.264121E-01
       427 -2.569699E-01 -3.934709E-01 -5.688865E-01
       428 -2.811727E-01 -3.943055E-01 -6.119201E-01
       429 -3.053714E-01 -3.950822E-01 -6.554402E-01
       430 -3.295645E-01 -3.958227E-01 -6.993917E-01
       431 -3.537365E-01 -3.965697E-01 -7.437140E-01
       432 -3.779429E-01 -3.972460E-01 -7.883290E-01
       433 -4.018126E-01 -3.981628E-01 -8.331405E-01
       434 -1.137134E-02 -2.312505E-02  1.363277E-03
       435 -2.273250E-02 -1.158140E-02 -2.277368E-03
       436 -3.411046E-02 -2.321612E-02 -4.109691E-03
       437 -4.544765E-02 -1.163642E-02 -1.071009E-02
       438 -5.677865E-02 -2.335450E-02 -1.539797E-02
       439 -6.814003E-02 -1.167587E-02 -2.507210E-02
       440 -7.944224E-02 -2.335016E-02 -3.285967E-02
       441 -9.095099E-02 -1.163138E-02 -4.528356E-02
       442 -1.023556E-01 -2.320037E-02 -5.614344E-02
       443 -1.140122E-01 -1.156743E-02 -7.070479E-02
       444 -1.255497E-01 -2.307990E-02 -8.418169E-02
       445 -1.372928E-01 -1.152819E-02 -1.003749E-01
       446 -1.489470E-01 -2.302560E-02 -1.159276E-01
       447 -1.607667E-01 -1.150773E-02 -1.333920E-01
       448 -1.725111E-01 -2.301240E-02 -1.505611E-01
       449 -1.843721E-01 -1.151197E-02 -1.690649E-01
       450 -1.961769E-01 -2.304213E-02 -1.875102E-01
       451 -2.080690E-01 -1.153361E-02 -2.069186E-01
       452 -2.199036E-01 -2.308973E-02 -2.264224E-01
       453 -2.318251E-01 -1.155545E-02 -2.466413E-01
       454 -2.436941E-01 -2.313351E-02 -2.670765E-01
       455 -2.556555E-01 -1.157803E-02 -2.879965E-01
       456 -2.675495E-01 -2.318006E-02 -3.092557E-01
       457 -2.795421E-01 -1.159917E-02 -3.307206E-01
       458 -2.914727E-01 -2.321396E-02 -3.526602E-01
       459 -3.035078E-01 -1.161401E-02 -3.744937E-01
       460 -3.154607E-01 -2.324901E-02 -3.969438E-01
       461 -3.275027E-01 -1.163609E-02 -4.189986E-01
       462 -3.395316E-01 -2.329836E-02 -4.417904E-01
       463 -3.516390E-01 -1.166462E-02 -4.639422E-01
       464 -3.634250E-01 -2.336387E-02 -4.869469E-01
       465 -3.752291E-01 -1.170222E-02 -5.090939E-01
       466 -3.882629E-01 -2.344874E-02 -5.321101E-01
       467 -4.012309E-01 -1.175071E-02 -5.540629E-01
       468 -4.082136E-01 -2.356030E-02 -5.772873E-01
       469 -1.142085E-02 -4.622651E-02  7.452530E-03
       470 -2.277983E-02 -3.474527E-02  1.977444E-03
       471 -3.413250E-02 -4.640754E-02  2.551961E-03
       472 -4.536916E-02 -3.485639E-02 -6.126439E-03
       473 -5.665688E-02 -4.643298E-02 -8.294436E-03
       474 -6.801898E-02 -3.487405E-02 -2.047865E-02
       475 -7.920355E-02 -4.642721E-02 -2.627303E-02
       476 -9.080373E-02 -3.484453E-02 -4.139355E-02
       477 -1.020021E-01 -4.637418E-02 -5.104240E-02
       478 -1.137550E-01 -3.470035E-02 -6.787288E-02
       479 -1.252150E-01 -4.613402E-02 -8.075519E-02
       480 -1.371186E-01 -3.455394E-02 -9.846731E-02
       481 -1.487134E-01 -4.601157E-02 -1.137047E-01
       482 -1.606249E-01 -3.451244E-02 -1.321701E-01
       483 -1.723335E-01 -4.600375E-02 -1.491802E-01
       484 -1.842693E-01 -3.452838E-02 -1.683052E-01
       485 -1.960372E-01 -4.605915E-02 -1.866616E-01
       486 -2.079796E-01 -3.459472E-02 -2.064439E-01
       487 -2.198031E-01 -4.621042E-02 -2.258723E-01
       488 -2.317550E-01 -3.469796E-02 -2.463696E-01
       489 -2.435399E-01 -4.636187E-02 -2.667907E-01
       490 -2.555223E-01 -3.476769E-02 -2.879724E-01
       491 -2.673464E-01 -4.639813E-02 -3.094379E-01
       492 -2.794270E-01 -3.479719E-02 -3.310063E-01
       493 -2.913046E-01 -4.641750E-02 -3.533432E-01
       494 -3.033960E-01 -3.484503E-02 -3.750842E-01
       495 -3.153034E-01 -4.649726E-02 -3.980498E-01
       496 -3.274031E-01 -3.490791E-02 -4.198468E-01
       497 -3.393886E-01 -4.659780E-02 -4.432425E-01
       498 -3.515438E-01 -3.499383E-02 -4.650085E-01
       499 -3.632874E-01 -4.672594E-02 -4.887064E-01
       500 -3.751417E-01 -3.510361E-02 -5.103601E-01
       501 -3.881380E-01 -4.688963E-02 -5.341619E-01
       502 -4.011525E-01 -3.524764E-02 -5.555188E-01
       503 -4.081048E-01 -4.710956E-02 -5.796200E-01
       504 -1.141764E-02 -6.908281E-02  1.688556E-02
       505 -2.287225E-02 -5.775713E-02  1.021657E-02
       506 -3.479217E-02 -6.977508E-02  1.319174E-02
       507 -4.591197E-02 -5.860249E-02  3.389410E-03
       508 -5.713283E-02 -7.202847E-02  5.460601E-03
       509 -6.775941E-02 -5.938642E-02 -1.051367E-02
       510 -7.802740E-02 -7.200103E-02 -1.339768E-02
       511 -8.978230E-02 -5.857961E-02 -3.326817E-02
       512 -1.008413E-01 -6.975980E-02 -4.295844E-02
       513 -1.132964E-01 -5.772027E-02 -6.238179E-02
       514 -1.247628E-01 -6.904422E-02 -7.552640E-02
       515 -1.367166E-01 -5.756176E-02 -9.492707E-02
       516 -1.483003E-01 -6.898294E-02 -1.104149E-01
       517 -1.603618E-01 -5.746740E-02 -1.299606E-01
       518 -1.720564E-01 -6.891714E-02 -1.472561E-01
       519 -1.840632E-01 -5.750381E-02 -1.669855E-01
       520 -1.958596E-01 -6.906202E-02 -1.855375E-01
       521 -2.078571E-01 -5.766239E-02 -2.055947E-01
       522 -2.195854E-01 -6.927399E-02 -2.249411E-01
       523 -2.314726E-01 -5.778677E-02 -2.457716E-01
       524 -2.432838E-01 -6.933021E-02 -2.662632E-01
       525 -2.553956E-01 -5.790865E-02 -2.878323E-01
       526 -2.670613E-01 -6.957389E-02 -3.096393E-01
       527 -2.791504E-01 -5.801799E-02 -3.316054E-01
       528 -2.909949E-01 -6.963706E-02 -3.546022E-01
       529 -3.031877E-01 -5.806038E-02 -3.763353E-01
       530 -3.150559E-01 -6.972601E-02 -4.000060E-01
       531 -3.272017E-01 -5.817481E-02 -4.215919E-01
       532 -3.391593E-01 -6.988397E-02 -4.457259E-01
       533 -3.513657E-01 -5.831759E-02 -4.671700E-01
       534 -3.630685E-01 -7.008182E-02 -4.916781E-01
       535 -3.749651E-01 -5.849974E-02 -5.129177E-01
       536 -3.879257E-01 -7.031855E-02 -5.376254E-01
       537 -4.009954E-01 -5.872887E-02 -5.584603E-01
       538 -4.079230E-01 -7.063492E-02 -5.835614E-01
       539 -1.127165E-02 -9.204246E-02  2.867418E-02
       540 -2.271501E-02 -8.056617E-02  2.113095E-02
       541 -3.529384E-02 -9.190068E-02  2.517881E-02
       542 -4.784057E-02 -8.132678E-02  1.736357E-02
       543 -5.755716E-02 -9.183116E-02  1.959186E-02
       544 -6.731674E-02 -8.212775E-02  5.764873E-03
       545 -7.680292E-02 -9.181420E-02 -5.144267E-04
       546 -8.716420E-02 -8.129769E-02 -2.140477E-02
       547 -9.963832E-02 -9.179917E-02 -3.442272E-02
       548 -1.127951E-01 -8.044589E-02 -5.541805E-02
       549 -1.243067E-01 -9.168194E-02 -6.949224E-02
       550 -1.362820E-01 -8.039796E-02 -9.025011E-02
       551 -1.478189E-01 -9.179164E-02 -1.065078E-01
       552 -1.599487E-01 -8.036822E-02 -1.272294E-01
       553 -1.716612E-01 -9.180047E-02 -1.453883E-01
       554 -1.838153E-01 -8.041342E-02 -1.655650E-01
       555 -1.955624E-01 -9.178785E-02 -1.847813E-01
       556 -2.076627E-01 -8.057195E-02 -2.046311E-01
       557 -2.200169E-01 -9.270122E-02 -2.239904E-01
       558 -2.317681E-01 -8.149509E-02 -2.445484E-01
       559 -2.428476E-01 -9.434139E-02 -2.636143E-01
       560 -2.544688E-01 -8.167805E-02 -2.872993E-01
       561 -2.659693E-01 -9.313071E-02 -3.101699E-01
       562 -2.787786E-01 -8.110778E-02 -3.326227E-01
       563 -2.906843E-01 -9.262087E-02 -3.568170E-01
       564 -3.028649E-01 -8.126654E-02 -3.784410E-01
       565 -3.147812E-01 -9.298712E-02 -4.030008E-01
       566 -3.269649E-01 -8.145191E-02 -4.243273E-01
       567 -3.388678E-01 -9.325382E-02 -4.492421E-01
       568 -3.510743E-01 -8.166888E-02 -4.704639E-01
       569 -3.627321E-01 -9.347011E-02 -4.958890E-01
       570 -3.747045E-01 -8.188464E-02 -5.168104E-01
       571 -3.876353E-01 -9.371506E-02 -5.425780E-01
       572 -4.007561E-01 -8.218695E-02 -5.629496E-01
       573 -4.076685E-01 -9.411731E-02 -5.892049E-01
       574 -1.116700E-02 -1.147721E-01  4.264637E-02
       575 -2.255654E-02 -1.032940E-01  3.343898E-02
       576 -3.414520E-02 -1.140031E-01  3.658853E-02
       577 -4.745498E-02 -1.023780E-01  2.822756E-02
       578 -5.636170E-02 -1.115426E-01  2.554573E-02
       579 -6.696889E-02 -1.014588E-01  1.507263E-02
       580 -7.726823E-02 -1.112952E-01  3.692074E-03
       581 -8.680907E-02 -1.022039E-01 -1.330987E-02
       582 -1.006862E-01 -1.142036E-01 -2.779216E-02
       583 -1.129052E-01 -1.037010E-01 -4.814025E-02
       584 -1.236982E-01 -1.163777E-01 -6.141993E-02
       585 -1.351800E-01 -1.037539E-01 -8.485463E-02
       586 -1.465686E-01 -1.149739E-01 -1.026628E-01
       587 -1.594155E-01 -1.030891E-01 -1.245613E-01
       588 -1.712300E-01 -1.143542E-01 -1.444593E-01
       589 -1.835012E-01 -1.031917E-01 -1.648467E-01
       590 -1.951294E-01 -1.145579E-01 -1.856054E-01
       591 -2.071933E-01 -1.032780E-01 -2.048544E-01
       592 -2.204702E-01 -1.147123E-01 -2.253499E-01
       593 -2.336605E-01 -1.042656E-01 -2.424690E-01
       594 -2.424395E-01 -1.149518E-01 -2.635090E-01
       595 -2.517128E-01 -1.045185E-01 -2.861753E-01
       596 -2.649108E-01 -1.152887E-01 -3.131779E-01
       597 -2.786370E-01 -1.040231E-01 -3.351336E-01
       598 -2.905339E-01 -1.157044E-01 -3.608658E-01
       599 -3.025326E-01 -1.044146E-01 -3.817898E-01
       600 -3.144815E-01 -1.161345E-01 -4.071949E-01
       601 -3.265868E-01 -1.046675E-01 -4.281216E-01
       602 -3.385401E-01 -1.163745E-01 -4.538111E-01
       603 -3.508328E-01 -1.049672E-01 -4.748411E-01
       604 -3.623579E-01 -1.168096E-01 -5.012601E-01
       605 -3.743186E-01 -1.052798E-01 -5.221036E-01
       606 -3.872391E-01 -1.171022E-01 -5.491734E-01
       607 -4.004510E-01 -1.055915E-01 -5.691138E-01
       608 -4.073638E-01 -1.175269E-01 -5.967225E-01
       609 -1.020124E-02 -1.403515E-01  6.205894E-02
       610 -2.161796E-02 -1.267679E-01  4.793030E-02
       611 -3.214967E-02 -1.377946E-01  4.963851E-02
       612 -4.472480E-02 -1.249712E-01  3.595838E-02
       613 -5.510469E-02 -1.368982E-01  3.127530E-02
       614 -6.666987E-02 -1.239901E-01  1.696619E-02
       615 -7.747685E-02 -1.367224E-01  6.650059E-03
       616 -8.843330E-02 -1.245624E-01 -1.005119E-02
       617 -1.016953E-01 -1.365284E-01 -2.307881E-02
       618 -1.146001E-01 -1.261380E-01 -4.022364E-02
       619 -1.231056E-01 -1.366807E-01 -5.527788E-02
       620 -1.323290E-01 -1.262886E-01 -7.859402E-02
       621 -1.452784E-01 -1.368594E-01 -1.009074E-01
       622 -1.590645E-01 -1.256474E-01 -1.232651E-01
       623 -1.707732E-01 -1.369861E-01 -1.455738E-01
       624 -1.829743E-01 -1.257778E-01 -1.659345E-01
       625 -1.947546E-01 -1.372401E-01 -1.890573E-01
       626 -2.068655E-01 -1.259472E-01 -2.077307E-01
       627 -2.194235E-01 -1.367192E-01 -2.312179E-01
       628 -2.333878E-01 -1.253828E-01 -2.465925E-01
       629 -2.423719E-01 -1.355689E-01 -2.728941E-01
       630 -2.514993E-01 -1.257019E-01 -2.911172E-01
       631 -2.656073E-01 -1.374528E-01 -3.206517E-01
       632 -2.784905E-01 -1.269353E-01 -3.404538E-01
       633 -2.903584E-01 -1.385730E-01 -3.676390E-01
       634 -3.023824E-01 -1.273461E-01 -3.869437E-01
       635 -3.150067E-01 -1.396876E-01 -4.128844E-01
       636 -3.268590E-01 -1.285300E-01 -4.326807E-01
       637 -3.380859E-01 -1.415539E-01 -4.574468E-01
       638 -3.498520E-01 -1.288963E-01 -4.800082E-01
       639 -3.612333E-01 -1.405381E-01 -5.080501E-01
       640 -3.738826E-01 -1.285340E-01 -5.289105E-01
       641 -3.869005E-01 -1.402508E-01 -5.578016E-01
       642 -4.000776E-01 -1.289515E-01 -5.772040E-01
       643 -4.070697E-01 -1.408653E-01 -6.064009E-01
       644 -9.138014E-03 -1.601325E-01  8.272113E-02
       645 -1.893473E-02 -1.494630E-01  6.639044E-02
       646 -3.082525E-02 -1.598639E-01  6.507148E-02
       647 -4.353124E-02 -1.483885E-01  4.736720E-02
       648 -5.434531E-02 -1.594957E-01  4.258032E-02
       649 -6.592162E-02 -1.480895E-01  2.401403E-02
       650 -7.672881E-02 -1.593244E-01  1.405299E-02
       651 -8.857221E-02 -1.479244E-01 -5.344735E-03
       652 -1.002638E-01 -1.586250E-01 -1.959108E-02
       653 -1.140984E-01 -1.471529E-01 -3.710331E-02
       654 -1.226150E-01 -1.571854E-01 -5.702274E-02
       655 -1.318322E-01 -1.472612E-01 -7.753169E-02
       656 -1.455448E-01 -1.587363E-01 -1.028290E-01
       657 -1.585728E-01 -1.482237E-01 -1.245063E-01
       658 -1.702211E-01 -1.597066E-01 -1.493150E-01
       659 -1.824334E-01 -1.483665E-01 -1.695725E-01
       660 -1.943615E-01 -1.598453E-01 -1.951755E-01
       661 -2.066740E-01 -1.486128E-01 -2.137546E-01
       662 -2.184243E-01 -1.601001E-01 -2.403002E-01
       663 -2.309830E-01 -1.481494E-01 -2.573457E-01
       664 -2.423643E-01 -1.605653E-01 -2.856159E-01
       665 -2.538306E-01 -1.485364E-01 -3.025247E-01
       666 -2.663835E-01 -1.609678E-01 -3.314220E-01
       667 -2.783880E-01 -1.498122E-01 -3.490514E-01
       668 -2.902421E-01 -1.615701E-01 -3.773926E-01
       669 -3.021633E-01 -1.502778E-01 -3.948987E-01
       670 -3.156030E-01 -1.620226E-01 -4.219366E-01
       671 -3.287973E-01 -1.514872E-01 -4.375558E-01
       672 -3.377362E-01 -1.623700E-01 -4.645903E-01
       673 -3.471001E-01 -1.519218E-01 -4.856379E-01
       674 -3.602085E-01 -1.629142E-01 -5.182475E-01
       675 -3.737441E-01 -1.516336E-01 -5.382369E-01
       676 -3.867606E-01 -1.634726E-01 -5.692814E-01
       677 -3.997255E-01 -1.522002E-01 -5.876592E-01
       678 -4.069121E-01 -1.640915E-01 -6.185977E-01
       679 -9.757307E-03 -1.823990E-01  9.824940E-02
       680 -1.850421E-02 -1.717457E-01  8.363975E-02
       681 -3.097048E-02 -1.845356E-01  8.255993E-02
       682 -4.287775E-02 -1.723134E-01  6.234900E-02
       683 -5.339982E-02 -1.852911E-01  5.847480E-02
       684 -6.488490E-02 -1.721349E-01  3.542037E-02
       685 -7.501196E-02 -1.845416E-01  2.571066E-02
       686 -8.715918E-02 -1.713270E-01  1.274759E-03
       687 -9.792643E-02 -1.824170E-01 -1.589043E-02
       688 -1.111109E-01 -1.698398E-01 -3.796636E-02
       689 -1.219693E-01 -1.819773E-01 -6.023107E-02
       690 -1.336171E-01 -1.699421E-01 -8.158155E-02
       691 -1.456707E-01 -1.821835E-01 -1.068764E-01
       692 -1.578853E-01 -1.708949E-01 -1.283494E-01
       693 -1.696419E-01 -1.824829E-01 -1.552229E-01
       694 -1.819825E-01 -1.711715E-01 -1.756410E-01
       695 -1.938538E-01 -1.827705E-01 -2.035729E-01
       696 -2.062419E-01 -1.714291E-01 -2.223837E-01
       697 -2.181349E-01 -1.830408E-01 -2.511594E-01
       698 -2.302158E-01 -1.717933E-01 -2.685291E-01
       699 -2.422847E-01 -1.834881E-01 -2.978436E-01
       700 -2.544259E-01 -1.722963E-01 -3.144971E-01
       701 -2.662986E-01 -1.840563E-01 -3.438534E-01
       702 -2.783053E-01 -1.727249E-01 -3.604297E-01
       703 -2.902456E-01 -1.845662E-01 -3.899013E-01
       704 -3.021962E-01 -1.732887E-01 -4.061435E-01
       705 -3.147377E-01 -1.843855E-01 -4.357499E-01
       706 -3.286079E-01 -1.729211E-01 -4.493816E-01
       707 -3.377647E-01 -1.833381E-01 -4.817983E-01
       708 -3.469738E-01 -1.733592E-01 -4.981077E-01
       709 -3.610094E-01 -1.853183E-01 -5.335534E-01
       710 -3.736483E-01 -1.747528E-01 -5.512065E-01
       711 -3.867545E-01 -1.867067E-01 -5.841988E-01
       712 -3.996673E-01 -1.753423E-01 -6.010376E-01
       713 -4.069889E-01 -1.873116E-01 -6.335263E-01
       714 -1.041104E-02 -2.028235E-01  1.070432E-01
       715 -2.036717E-02 -1.931894E-01  9.857135E-02
       716 -3.132119E-02 -2.029606E-01  9.449478E-02
       717 -4.202835E-02 -1.940626E-01  7.947398E-02
       718 -5.275532E-02 -2.033673E-01  7.046605E-02
       719 -6.401433E-02 -1.943002E-01  5.046398E-02
       720 -7.327729E-02 -2.037506E-01  3.498827E-02
       721 -8.385129E-02 -1.936442E-01  9.465775E-03
       722 -9.625374E-02 -2.040468E-01 -1.301723E-02
       723 -1.097553E-01 -1.930703E-01 -3.739483E-02
       724 -1.211047E-01 -2.043376E-01 -6.149142E-02
       725 -1.333730E-01 -1.933358E-01 -8.473680E-02
       726 -1.447976E-01 -2.046526E-01 -1.115532E-01
       727 -1.572627E-01 -1.935567E-01 -1.339215E-01
       728 -1.690209E-01 -2.050314E-01 -1.629488E-01
       729 -1.815603E-01 -1.939793E-01 -1.838004E-01
       730 -1.933433E-01 -2.055792E-01 -2.142904E-01
       731 -2.057526E-01 -1.943590E-01 -2.331868E-01
       732 -2.177818E-01 -2.060286E-01 -2.643720E-01
       733 -2.301440E-01 -1.947634E-01 -2.812509E-01
       734 -2.421566E-01 -2.064181E-01 -3.123229E-01
       735 -2.543049E-01 -1.952799E-01 -3.278319E-01
       736 -2.669367E-01 -2.076578E-01 -3.580103E-01
       737 -2.787313E-01 -1.965068E-01 -3.734055E-01
       738 -2.900139E-01 -2.095160E-01 -4.024682E-01
       739 -3.016341E-01 -1.969761E-01 -4.200514E-01
       740 -3.132111E-01 -2.085748E-01 -4.525992E-01
       741 -3.263200E-01 -1.959822E-01 -4.680473E-01
       742 -3.379672E-01 -2.085175E-01 -5.026862E-01
       743 -3.494478E-01 -1.965166E-01 -5.175195E-01
       744 -3.619397E-01 -2.091267E-01 -5.525409E-01
       745 -3.736226E-01 -1.978774E-01 -5.679524E-01
       746 -3.869919E-01 -2.098685E-01 -6.021802E-01
       747 -3.999210E-01 -1.985958E-01 -6.174194E-01
       748 -4.072380E-01 -2.106331E-01 -6.510894E-01
       749 -1.036996E-02 -2.232150E-01  1.051204E-01
       750 -2.088369E-02 -2.131115E-01  1.029288E-01
       751 -3.124256E-02 -2.236038E-01  9.310886E-02
       752 -4.176442E-02 -2.135156E-01  8.480012E-02
       753 -5.245000E-02 -2.240895E-01  6.950002E-02
       754 -6.343213E-02 -2.140213E-01  5.530771E-02
       755 -7.348031E-02 -2.254235E-01  3.422372E-02
       756 -8.296628E-02 -2.153335E-01  1.247622E-02
       757 -9.604912E-02 -2.282153E-01 -1.222949E-02
       758 -1.088897E-01 -2.165770E-01 -3.715681E-02
       759 -1.200132E-01 -2.294788E-01 -6.272554E-02
       760 -1.323817E-01 -2.170447E-01 -8.774306E-02
       761 -1.438577E-01 -2.302082E-01 -1.159963E-01
       762 -1.564024E-01 -2.176000E-01 -1.403739E-01
       763 -1.674124E-01 -2.301670E-01 -1.714074E-01
       764 -1.801751E-01 -2.173143E-01 -1.941362E-01
       765 -1.921404E-01 -2.286087E-01 -2.284597E-01
       766 -2.053089E-01 -2.170918E-01 -2.468593E-01
       767 -2.176126E-01 -2.286494E-01 -2.811426E-01
       768 -2.299891E-01 -2.176908E-01 -2.968286E-01
       769 -2.420100E-01 -2.293616E-01 -3.303152E-01
       770 -2.540990E-01 -2.181703E-01 -3.441195E-01
       771 -2.676807E-01 -2.298822E-01 -3.760948E-01
       772 -2.808168E-01 -2.194301E-01 -3.872311E-01
       773 -2.898535E-01 -2.303690E-01 -4.189430E-01
       774 -2.990940E-01 -2.199300E-01 -4.352113E-01
       775 -3.125023E-01 -2.310403E-01 -4.724769E-01
       776 -3.259816E-01 -2.198095E-01 -4.877268E-01
       777 -3.382225E-01 -2.317015E-01 -5.237060E-01
       778 -3.501675E-01 -2.205002E-01 -5.379085E-01
       779 -3.622220E-01 -2.324794E-01 -5.736077E-01
       780 -3.739776E-01 -2.211628E-01 -5.876093E-01
       781 -3.873747E-01 -2.332782E-01 -6.225811E-01
       782 -4.002527E-01 -2.219563E-01 -6.363979E-01
       783 -4.075674E-01 -2.340137E-01 -6.710186E-01
       784 -1.039495E-02 -2.435781E-01  9.115983E-02
       785 -2.078660E-02 -2.335096E-01  9.522146E-02
       786 -3.127924E-02 -2.438729E-01  7.939974E-02
       787 -4.178313E-02 -2.339962E-01  7.757676E-02
       788 -5.241417E-02 -2.445294E-01  5.624967E-02
       789 -6.309680E-02 -2.347202E-01  4.853775E-02
       790 -7.401478E-02 -2.454590E-01  2.224505E-02
       791 -8.458135E-02 -2.363068E-01  8.716055E-03
       792 -9.627496E-02 -2.465061E-01 -2.125268E-02
       793 -1.077901E-01 -2.379369E-01 -3.934515E-02
       794 -1.185712E-01 -2.469855E-01 -7.312798E-02
       795 -1.307711E-01 -2.380424E-01 -9.300115E-02
       796 -1.426038E-01 -2.458473E-01 -1.318156E-01
       797 -1.555884E-01 -2.380975E-01 -1.493042E-01
       798 -1.671067E-01 -2.467959E-01 -1.902719E-01
       799 -1.781486E-01 -2.389203E-01 -2.082940E-01
       800 -1.919911E-01 -2.501063E-01 -2.489294E-01
       801 -2.052184E-01 -2.397378E-01 -2.651758E-01
       802 -2.175664E-01 -2.515652E-01 -3.026790E-01
       803 -2.298787E-01 -2.404297E-01 -3.165037E-01
       804 -2.421152E-01 -2.523084E-01 -3.527899E-01
       805 -2.541242E-01 -2.411046E-01 -3.647217E-01
       806 -2.670577E-01 -2.522454E-01 -3.999469E-01
       807 -2.809050E-01 -2.408429E-01 -4.085154E-01
       808 -2.902095E-01 -2.514097E-01 -4.456465E-01
       809 -2.991960E-01 -2.414878E-01 -4.570783E-01
       810 -3.135724E-01 -2.536287E-01 -4.969056E-01
       811 -3.263144E-01 -2.430380E-01 -5.100010E-01
       812 -3.385344E-01 -2.551760E-01 -5.473820E-01
       813 -3.503934E-01 -2.437677E-01 -5.601647E-01
       814 -3.626653E-01 -2.558951E-01 -5.966880E-01
       815 -3.743859E-01 -2.446024E-01 -6.093703E-01
       816 -3.877578E-01 -2.567089E-01 -6.451035E-01
       817 -4.006109E-01 -2.453578E-01 -6.576348E-01
       818 -4.079407E-01 -2.574653E-01 -6.930499E-01
       819 -1.040423E-02 -2.641724E-01  6.472889E-02
       820 -2.082356E-02 -2.539433E-01  7.508340E-02
       821 -3.129615E-02 -2.644541E-01  5.285517E-02
       822 -4.182503E-02 -2.543841E-01  5.758476E-02
       823 -5.254597E-02 -2.650154E-01  2.971399E-02
       824 -6.321658E-02 -2.551890E-01  2.916043E-02
       825 -7.417628E-02 -2.659915E-01 -3.677697E-03
       826 -8.508446E-02 -2.562221E-01 -9.386580E-03
       827 -9.638442E-02 -2.672878E-01 -4.661555E-02
       828 -1.076497E-01 -2.574127E-01 -5.706918E-02
       829 -1.179627E-01 -2.687607E-01 -9.929902E-02
       830 -1.285578E-01 -2.580873E-01 -1.150356E-01
       831 -1.421251E-01 -2.706153E-01 -1.615723E-01
       832 -1.556353E-01 -2.586713E-01 -1.759452E-01
       833 -1.682315E-01 -2.721089E-01 -2.204927E-01
       834 -1.796748E-01 -2.606179E-01 -2.338070E-01
       835 -1.930007E-01 -2.732547E-01 -2.761981E-01
       836 -2.052072E-01 -2.624582E-01 -2.890185E-01
       837 -2.177515E-01 -2.744334E-01 -3.291425E-01
       838 -2.299402E-01 -2.633523E-01 -3.408408E-01
       839 -2.423526E-01 -2.753549E-01 -3.794146E-01
       840 -2.544480E-01 -2.641351E-01 -3.898166E-01
       841 -2.666202E-01 -2.760711E-01 -4.277957E-01
       842 -2.789803E-01 -2.640771E-01 -4.371860E-01
       843 -2.907211E-01 -2.769298E-01 -4.758917E-01
       844 -3.020067E-01 -2.648087E-01 -4.856239E-01
       845 -3.147976E-01 -2.776127E-01 -5.244414E-01
       846 -3.265437E-01 -2.663621E-01 -5.353602E-01
       847 -3.390093E-01 -2.785082E-01 -5.733695E-01
       848 -3.509455E-01 -2.672081E-01 -5.846544E-01
       849 -3.631356E-01 -2.793853E-01 -6.217630E-01
       850 -3.747893E-01 -2.680485E-01 -6.331599E-01
       851 -3.881838E-01 -2.801875E-01 -6.695309E-01
       852 -4.010145E-01 -2.688273E-01 -6.808751E-01
       853 -4.083406E-01 -2.809709E-01 -7.169487E-01
       854 -1.037830E-02 -2.852235E-01  2.580861E-02
       855 -2.081302E-02 -2.747203E-01  4.223464E-02
       856 -3.135856E-02 -2.855089E-01  1.321666E-02
       857 -4.200002E-02 -2.752110E-01  2.432230E-02
       858 -5.277336E-02 -2.862930E-01 -1.063793E-02
       859 -6.346981E-02 -2.760545E-01 -4.190382E-03
       860 -7.463751E-02 -2.873328E-01 -4.409539E-02
       861 -8.533221E-02 -2.772452E-01 -4.217723E-02
       862 -9.704213E-02 -2.888258E-01 -8.603457E-02
       863 -1.080120E-01 -2.787998E-01 -8.930064E-02
       864 -1.186549E-01 -2.907367E-01 -1.372272E-01
       865 -1.282635E-01 -2.806606E-01 -1.475197E-01
       866 -1.428672E-01 -2.927710E-01 -1.977599E-01
       867 -1.561349E-01 -2.825590E-01 -2.083153E-01
       868 -1.688833E-01 -2.947103E-01 -2.545774E-01
       869 -1.808737E-01 -2.841172E-01 -2.646520E-01
       870 -1.935612E-01 -2.963970E-01 -3.082807E-01
       871 -2.056478E-01 -2.854414E-01 -3.181588E-01
       872 -2.182355E-01 -2.977109E-01 -3.596550E-01
       873 -2.302534E-01 -2.865832E-01 -3.691995E-01
       874 -2.426745E-01 -2.987546E-01 -4.092422E-01
       875 -2.546974E-01 -2.874300E-01 -4.183765E-01
       876 -2.670063E-01 -2.995941E-01 -4.576119E-01
       877 -2.787948E-01 -2.882466E-01 -4.665140E-01
       878 -2.911711E-01 -3.003657E-01 -5.054306E-01
       879 -3.030860E-01 -2.890396E-01 -5.145847E-01
       880 -3.153039E-01 -3.012297E-01 -5.532553E-01
       881 -3.271115E-01 -2.898490E-01 -5.629049E-01
       882 -3.395610E-01 -3.021038E-01 -6.010081E-01
       883 -3.514665E-01 -2.907350E-01 -6.110312E-01
       884 -3.636193E-01 -3.029198E-01 -6.485179E-01
       885 -3.752432E-01 -2.915500E-01 -6.587588E-01
       886 -3.886328E-01 -3.037214E-01 -6.956034E-01
       887 -4.014400E-01 -2.923436E-01 -7.058767E-01
       888 -4.087681E-01 -3.045157E-01 -7.424788E-01
       889 -1.042393E-02 -3.069411E-01 -2.507655E-02
       890 -2.078975E-02 -2.961205E-01 -3.213669E-03
       891 -3.079629E-02 -3.068783E-01 -3.915176E-02
       892 -4.156114E-02 -2.960438E-01 -2.276767E-02
       893 -5.256167E-02 -3.059687E-01 -6.681196E-02
       894 -6.390815E-02 -2.963740E-01 -5.248224E-02
       895 -7.555456E-02 -3.067587E-01 -1.007283E-01
       896 -8.617267E-02 -2.978018E-01 -8.990112E-02
       897 -9.825602E-02 -3.084608E-01 -1.407999E-01
       898 -1.090464E-01 -2.995913E-01 -1.348800E-01
       899 -1.207506E-01 -3.111645E-01 -1.878240E-01
       900 -1.300099E-01 -3.025433E-01 -1.895009E-01
       901 -1.447240E-01 -3.155744E-01 -2.411809E-01
       902 -1.570838E-01 -3.054442E-01 -2.465548E-01
       903 -1.698370E-01 -3.182350E-01 -2.934517E-01
       904 -1.815512E-01 -3.072690E-01 -2.998823E-01
       905 -1.943326E-01 -3.197951E-01 -3.440695E-01
       906 -2.062624E-01 -3.087808E-01 -3.511604E-01
       907 -2.187960E-01 -3.211573E-01 -3.933427E-01
       908 -2.307142E-01 -3.099688E-01 -4.007895E-01
       909 -2.431562E-01 -3.222561E-01 -4.415577E-01
       910 -2.550648E-01 -3.109617E-01 -4.492177E-01
       911 -2.674273E-01 -3.232022E-01 -4.890385E-01
       912 -2.793277E-01 -3.118098E-01 -4.969177E-01
       913 -2.916488E-01 -3.240642E-01 -5.361264E-01
       914 -3.034801E-01 -3.126358E-01 -5.443442E-01
       915 -3.158390E-01 -3.248757E-01 -5.830618E-01
       916 -3.276682E-01 -3.134770E-01 -5.916900E-01
       917 -3.400660E-01 -3.256791E-01 -6.299079E-01
       918 -3.519640E-01 -3.142919E-01 -6.388936E-01
       919 -3.641103E-01 -3.264768E-01 -6.766160E-01
       920 -3.757152E-01 -3.150950E-01 -6.858682E-01
       921 -3.890995E-01 -3.272665E-01 -7.230437E-01
       922 -4.018856E-01 -3.158867E-01 -7.323858E-01
       923 -4.091989E-01 -3.280735E-01 -7.693904E-01
       924 -1.058017E-02 -3.298743E-01 -8.671544E-02
       925 -2.101159E-02 -3.185588E-01 -5.990217E-02
       926 -3.040096E-02 -3.307168E-01 -1.012802E-01
       927 -3.979826E-02 -3.189421E-01 -8.294919E-02
       928 -5.254065E-02 -3.324223E-01 -1.311585E-01
       929 -6.487035E-02 -3.197650E-01 -1.153906E-01
       930 -7.667066E-02 -3.341474E-01 -1.640900E-01
       931 -8.741834E-02 -3.214716E-01 -1.513863E-01
       932 -9.959858E-02 -3.360133E-01 -2.012525E-01
       933 -1.105262E-01 -3.233720E-01 -1.930229E-01
       934 -1.229815E-01 -3.380598E-01 -2.431867E-01
       935 -1.335451E-01 -3.262410E-01 -2.399787E-01
       936 -1.467271E-01 -3.400100E-01 -2.886136E-01
       937 -1.581254E-01 -3.290608E-01 -2.894751E-01
       938 -1.708338E-01 -3.419438E-01 -3.356164E-01
       939 -1.825255E-01 -3.308686E-01 -3.387601E-01
       940 -1.951309E-01 -3.435675E-01 -3.826506E-01
       941 -2.069290E-01 -3.323671E-01 -3.871967E-01
       942 -2.194272E-01 -3.448824E-01 -4.293880E-01
       943 -2.312708E-01 -3.335803E-01 -4.348685E-01
       944 -2.436983E-01 -3.459864E-01 -4.757721E-01
       945 -2.555575E-01 -3.346022E-01 -4.819328E-01
       946 -2.679396E-01 -3.469379E-01 -5.218917E-01
       947 -2.797861E-01 -3.355047E-01 -5.286121E-01
       948 -2.921541E-01 -3.477944E-01 -5.678789E-01
       949 -3.040045E-01 -3.363373E-01 -5.751144E-01
       950 -3.163468E-01 -3.486025E-01 -6.138415E-01
       951 -3.281769E-01 -3.371361E-01 -6.215537E-01
       952 -3.405792E-01 -3.493857E-01 -6.598079E-01
       953 -3.524671E-01 -3.379253E-01 -6.679211E-01
       954 -3.646130E-01 -3.501610E-01 -7.057562E-01
       955 -3.762007E-01 -3.387085E-01 -7.141860E-01
       956 -3.895730E-01 -3.509344E-01 -7.515649E-01
       957 -4.023478E-01 -3.394967E-01 -7.601318E-01
       958 -4.097187E-01 -3.517228E-01 -7.974143E-01
       959 -1.072327E-02 -3.505355E-01 -1.596821E-01
       960 -2.131015E-02 -3.405469E-01 -1.267415E-01
       961 -3.168825E-02 -3.521112E-01 -1.722395E-01
       962 -4.038597E-02 -3.427503E-01 -1.485897E-01
       963 -5.399530E-02 -3.559071E-01 -1.966641E-01
       964 -6.571107E-02 -3.453652E-01 -1.790471E-01
       965 -7.751937E-02 -3.583775E-01 -2.258737E-01
       966 -8.854266E-02 -3.471556E-01 -2.122103E-01
       967 -1.006856E-01 -3.601219E-01 -2.592188E-01
       968 -1.118561E-01 -3.490966E-01 -2.497040E-01
       969 -1.240981E-01 -3.619888E-01 -2.965206E-01
       970 -1.354755E-01 -3.510080E-01 -2.910615E-01
       971 -1.477966E-01 -3.638322E-01 -3.370046E-01
       972 -1.592712E-01 -3.528570E-01 -3.349811E-01
       973 -1.717738E-01 -3.655080E-01 -3.794673E-01
       974 -1.834195E-01 -3.545375E-01 -3.800006E-01
       975 -1.958816E-01 -3.669420E-01 -4.229857E-01
       976 -2.076290E-01 -3.559289E-01 -4.253574E-01
       977 -2.200681E-01 -3.681747E-01 -4.670221E-01
       978 -2.318679E-01 -3.571050E-01 -4.707446E-01
       979 -2.442761E-01 -3.692302E-01 -5.113302E-01
       980 -2.560982E-01 -3.581118E-01 -5.160889E-01
       981 -2.684864E-01 -3.701551E-01 -5.558307E-01
       982 -2.803150E-01 -3.590016E-01 -5.614249E-01
       983 -2.926931E-01 -3.709919E-01 -6.005170E-01
       984 -3.045206E-01 -3.598205E-01 -6.068144E-01
       985 -3.168848E-01 -3.717749E-01 -6.453988E-01
       986 -3.287007E-01 -3.606015E-01 -6.522928E-01
       987 -3.411127E-01 -3.725364E-01 -6.904611E-01
       988 -3.529842E-01 -3.613699E-01 -6.978398E-01
       989 -3.651369E-01 -3.732855E-01 -7.356699E-01
       990 -3.766978E-01 -3.621368E-01 -7.434311E-01
       991 -3.900986E-01 -3.740771E-01 -7.808945E-01
       992 -4.028323E-01 -3.629160E-01 -7.888443E-01
       993 -4.100389E-01 -3.748882E-01 -8.263074E-01
       994 -1.089331E-02 -3.812441E-01 -2.340519E-01
       995 -2.164320E-02 -3.664984E-01 -2.019803E-01
       996 -3.289937E-02 -3.821838E-01 -2.438218E-01
       997 -4.325104E-02 -3.685338E-01 -2.182128E-01
       998 -5.530619E-02 -3.835931E-01 -2.619433E-01
       999 -6.635001E-02 -3.709847E-01 -2.422925E-01
      1000 -7.816401E-02 -3.853460E-01 -2.864580E-01
      1001 -8.944426E-02 -3.727804E-01 -2.714445E-01
      1002 -1.013975E-01 -3.870367E-01 -3.156683E-01
      1003 -1.127866E-01 -3.745289E-01 -3.047497E-01
      1004 -1.248760E-01 -3.886207E-01 -3.488197E-01
      1005 -1.363363E-01 -3.762232E-01 -3.416139E-01
      1006 -1.485847E-01 -3.901318E-01 -3.851241E-01
      1007 -1.601720E-01 -3.778374E-01 -3.811320E-01
      1008 -1.724890E-01 -3.915495E-01 -4.237642E-01
      1009 -1.841752E-01 -3.792842E-01 -4.223913E-01
      1010 -1.965443E-01 -3.928286E-01 -4.640208E-01
      1011 -2.082956E-01 -3.805528E-01 -4.647147E-01
      1012 -2.206849E-01 -3.939510E-01 -5.053812E-01
      1013 -2.324725E-01 -3.816485E-01 -5.077007E-01
      1014 -2.448696E-01 -3.949348E-01 -5.475318E-01
      1015 -2.566717E-01 -3.826052E-01 -5.511482E-01
      1016 -2.690700E-01 -3.958102E-01 -5.902967E-01
      1017 -2.808740E-01 -3.834616E-01 -5.949694E-01
      1018 -2.932730E-01 -3.966107E-01 -6.335804E-01
      1019 -3.050777E-01 -3.842520E-01 -6.391276E-01
      1020 -3.174608E-01 -3.973680E-01 -6.773231E-01
      1021 -3.292532E-01 -3.850112E-01 -6.835950E-01
      1022 -3.416835E-01 -3.981041E-01 -7.214661E-01
      1023 -3.535254E-01 -3.857466E-01 -7.283215E-01
      1024 -3.656955E-01 -3.988386E-01 -7.659520E-01
      1025 -3.772579E-01 -3.865132E-01 -7.732656E-01
      1026 -3.906573E-01 -3.996275E-01 -8.106362E-01
      1027 -4.033885E-01 -3.872964E-01 -8.181953E-01
      1028 -4.110688E-01 -4.002685E-01 -8.556563E-01
      1029 -2.192471E-02 -3.893551E-01 -2.726524E-01
      1030 -4.422692E-02 -3.905181E-01 -2.852243E-01
      1031 -6.683561E-02 -3.920601E-01 -3.047015E-01
      1032 -8.994941E-02 -3.936523E-01 -3.295870E-01
      1033 -1.133362E-01 -3.951482E-01 -3.588655E-01
      1034 -1.369725E-01 -3.965840E-01 -3.917412E-01
      1035 -1.608012E-01 -3.979502E-01 -4.274544E-01
      1036 -1.847981E-01 -3.992139E-01 -4.653025E-01
      1037 -2.089064E-01 -4.003460E-01 -5.047185E-01
      1038 -2.330797E-01 -4.013482E-01 -5.453000E-01
      1039 -2.572808E-01 -4.022405E-01 -5.867865E-01
      1040 -2.814871E-01 -4.030505E-01 -6.290165E-01
      1041 -3.056878E-01 -4.038124E-01 -6.718852E-01
      1042 -3.298639E-01 -4.045310E-01 -7.153145E-01
      1043 -3.541066E-01 -4.053103E-01 -7.592210E-01
      1044 -3.778524E-01 -4.058713E-01 -8.035525E-01
      1045 -4.038069E-01 -4.071288E-01 -8.480491E-01
